astar
200 200
00011010001110000011010011001100000100010110000100000101000011010100001100010001000000000001001100110001000010100000000011001111011110101000010011010000001010010100110100010101000001110001011000110000
00S00100000001000100111000011100001110000011010000000000010001001110101000100001101000000110011100000001010101001010000101000011110100110000100010010101010000000000010001101100010010100011010111000110
10101001001000000110000000100001000001000101100000001011101100000101100000001100000000000011110110011100000100000000000111001000010101100100000000000000101000100000100111001001100011110001011000010000
11001010010111000010011010000010110010000000011110000000010110001000001000000011010011000110101100010100010001001000000110000000000010111000011100101110000101100000110100110010101100110101000000010010
00010001000000100001001100011100001001100000001000000100010000100100101001110100010110110010100001001100000001001010000000001001001001101001100100101001101001000000010000001110110010110110001001000000
10010001100101011100011110000101000010100000011000001000010000001000001000100011000010000001010100010001001000000111011010001010000100100100110000100010111100100000100000000100000000000111100000100001
11111100000010010000000000011000100101010001111100000000110010011100001101100001110110011110110001000010000000010000001010011001100011000010000000100001000100101000101001110100000110010000110000010100
11000000000110000101100010111001110001000110000100001001000000010001000100000000010010011110001001011100111101000111100010000100000011011000010001010001001100000000100011000101110101100110000000101100
00100000100011000011000010000011000100111110010111001000010000101000001000000010000010001110111001000011100000010110011010101100110010100101010100110010000010000001011100101000101010011000001000010000
00001100000001110000001101010010111010101111000011010000010110100001000110100001010100000001001100010010011010000011010000011000000001110001110000001000011110100000100100000010010000010101010101100011
01000000010011110000111010000011011001010000001000001001010100011010110000001001011000011010100000000010000001000001100100111001000001000001001110001111010000000001010111100001001001010000101011101001
10111000010110001001000101011100110000001100010101101001010001001110011011000000111000001001000110101000110100010001110000001000001011111011001010010000000010010101110100000000010110100100000000001100
00111101010000110110000101001000001111100000000010001100100110010000001010101110111110010001101110010100000010000000001010001011000101010110100100011111110100001000100000000010000000000001100101011011
00010000001110111101110011001100111100110000101000010000000001001000001001010100000010100010111010011010100010011110100101000011101010100101000001010100011100010010100100010010001000110100010111000000
00001101000000001010101101010000100000100100000001001111111001100100110010000100011000011100010010100000001001100000001100110110000111010011001000101000100100110000101010000000100001110000111001000010
01010000100010001000000010000000011000101001001000011010101000011011001001000001001100101010111001010000000101010100011000001011000010010100010000000110110000000000101010001001011110010011001111110000
01001100000100100001001000100001110000010000110000000101100000001000100000000001111011101000010100001110011101011001000001001010110001001100011000100000000010011010010000110001100100101110000001110100
10000000010101110000000010000011100010010100011001101100110001001000101000011010100110100101001011010001110100100100001001010001000010000100100001010000000010000010011010001000100110011001111000011101
00000100000001110110001001010000100000000000110000000110000000101001100100000100110010000010001100001010010011000000100101010100101101110001000010110100001010011100001111001011001000000010001100010001
01000100100100010110000001001100001100001101010011011100000000010010001001000101101000111010000110100000101101000111010100000101111101100100011001100001000100010100010011000010010110000001000110010100
01100110001000000001010110001000001000000110100100001010110110001001010110000110000010000000100001010010010010001011100100100110011011000100011100010111011100000110010100110000011000100100000000110001
11010110101001000000100000000101000001100011001000000100100000111111000001110000011000000010000110111110110000000010001000101011000010101010000010001000000110111001001100111000001000000001110100110010
10000010001001011010101010101000011000001101000011110010000111100001110000000000000100000000101101010010000000001101110000000110001110110010001001000100011000101111110011100001100111111110011100101010
11001010001101010001001101000100000010110100001000110010010010000110000110100000010001100011001011111000001011010001001000010010000000100001000010100001111000000100100000000110000000000000010100110010
11110100000010001100111111100010001000001001100000000000100100000000110010001000010110001100101010000100010000100100101100111001000100011101000101011100010000100111000100110111000010000011001010000111
01001000111100000001010000101110111000100000000011011011111101101000100000010101010001110100011111001110000101010100001000000000000000000110101100001000000001011100100011001001100101000001111000000001
01000000001110010100001010101010100011110101111000010010101010100000010010011001110011110000010011010011100100000110001010000000100010010110100100010010011010100011010010100100001100010000100011000000
10010000011000011011000001011101010100000010101111000101010101010011110010100000000101100111010110001001000010000001101011000000001001100010100000000110001000010101010000100000000010001101110010000000
11000001010000111100000011000010001001011000100100011010001000000001110110101000010111100000001110001011010101001100001000000011000001111100001000100000000101001001111101110010001000100111000000010000
01000000000110010001010011010011000000011010100001000011001000000010100000010111011100001000000010101010100100000011101100100011001010000011000110000110000000000100101100000110010100000100001010000000
10010010000000110001100101101011001100011000000010001000001010011011100110001010111010011001000010100100101001001010010111111010000010000101110001001110000011001000000000001100001000001001000000010100
00001100000100100101000110010100000000000010100100010001101100000000101011000101101101100110000000000011000110010010000110100101000110101001000110010101000000000000000000101010000100001011000000111011
01100011110010010000010100101000010110100110001010110111000000010110000010010000101110101001000001111110000101110000110000010100110010001011000010001000000110000101001100000000110011000000011010000010
10000000000110011000010001000100100111001001010110110100010111000100100010011000011011100000000001010001001101010001010100100001001100110000010010100100001001010010100110001100010101000000001010000001
00000111110011100010110000010100000011010001110011000010001011101000000000010010000011000110001110001011010010101100000010011000100001100100100111010001001000110011110111000110010001000101001001010110
01000000000100010010100001001001110000010101101110100001101100000010001110110101000011110010101100001110010000000000000010111111001001111000010001000001101001000010000101010111001001000001010011100110
01000000000110010100000101011110100000000110101110000100100010000010000110011110011001100000011101001000000001100001000100000011011001111011100100101011001001100000000101110000001000100001100101100000
01001101111110000111001010100000000101100001001010000011001010001000110000001010000101110101010000001100100000000111001100001010011001011001001001011011110001010000001001010100010001001010111001101111
01110011101111010001000001000000001001101000000010101010111000010001100111100000000100101101000010001100010011000001010010111000010110100110100000110110101000010101010000001110000000101101111111100001
01101100110100000001001010100010000010001110000001110000010110000001010000010111001000100110001011010001000000100000000100001000010001010000101000001000001000000010101010000110000110101001000011001000
10001010110000111110010011001110000110101010111110001010001010000111001010110000010001010100000101111001010101110100000100001000001111011000000000001100000011100010001011100000000011010000011010100000
01000100100001000001000100010011100000010011110101000111001000000001100001011000010100011000100000000010011001100110101010000101011010100000001100000100100100011000010001000000110001010100001000010000
10100010000001011001010100100011110110000000001100111010000010100000100010111101010110011000110101010010001101110011011100000100000000000100011101000000101100010000101001010001010100101100000000100101
00000101000010010101001101000010100000000111000000000011000010010001100100001001010100010111000001010000001011110010001000101100010100001010001101000101100100010011000010010001010001001001010010000010
00100100111001000101100001000000111110100010000011010010011001101001110100000101011011000110110100110101010001000110000101010010101010111100000001000111000000111000010011100000000000000011000001001101
10000110001100101000001100111101001000000000111011100001010101101001001010011001000111101010000001010111110000000111001000001100000101100000011001000000001100000100100000100000010010100001100100101101
00010110001001000101110100010110000000011000110010100000110000101001000101100011000100111000100100010101001011010100000100001111001010000110001101110110000000101000000000100001011110000000101001001101
01000000010000110000100000100100111010110001010000001100000000110010001001000111001000101010100010011101001100010000000001011001000001110001000001110001101010011001110100000010100000110000010110100000
00110000001010010100001000100000010100001110001010001100011101100011001000011101100001100010101000000010001001000000110000000000000001110111011111010011110110100000010010000000000100000000000000111110
11111000000101011111000010010111010010001010010010000011010000000000001101000000100010000000000010001000000100101101101011000010101000111100000000101101001010100000101101000001001100010011010101010110
00000001010000010110111000011001000101101010111011010010000110010000101110111100000000100000100001000000000000001010000100110010000000000001010101101000100000000110001010000010000101100000001010010111
00000000111000000000000000000001000010010100001011000100000000101000101010000010000001000100010010011000001100010001000010100001011000010101010001000101010000000111010100001010000011001100011001101100
11010011111000110000101000011000000000100011100011000000100100100110010000000011000000111000011011101100110001101001011100110001000111001000010001011101011110100100101010011110101100010010111001000101
01100110100101000000010010011100001101000000101101000001000100011001001100001000010000001100000001000011001000100100000001000011000110101100000001100001001101011010100011010110000000000110011110010100
10101001110010100011010000001001110001010000101000100010001110000100010010001100110010000000010000001010001000000000001000101000011000000010000101000100011000110001000000000011010010010000100110011000
00101011110010100010011000101001100100111000111000100100000000100000010100100001100000101111100000010011010100000001101100010110000110000110100010000100001000000010000010000010001000000010000000000000
00101000000101011001101110001101101000001001001001010000001001000000010111010101010100001110000100011100010001001101100010011111101010000000000100101001100000110001000101011100010100110001111000011001
00010000000100111110101100010100101110011000010010100000101000100000001000110110010010011000100100101010100100101100000101011010100000000001101000010011001000100100011110100011001100110111001110000100
11000000010010110001001101001100001011000010001000100011110010001110001100010011010111000101000000010010000110110010100111001000100010001100100100100101111000101000101000001010010100000000001011110000
00001010000110001010111000001000001000010011100011110001100110000011001010101110011100110110011010001100101000000110111111011011000000001110000110000000100100101000100000000101100010100110000111000010
10001010110101101000000001011100000100011010110000010000001001000100001011000010000011000000010000000100110000000111001010011101000111111010000000010010100000010101100010000110000000000000110000000001
00000000000000000000000000000010001100000000001010111100110100000100010111010000001100000001110100001111000010100001000000000000001101000000100001000010011111000110000000000100000010010000010000010101
00000011000010111100000101101100000110100100100010010100110010100100001000011000001000000011101100100101001110001011010110111100010010000110000011001000000001001111000100100001000111001000001010001100
01110000110010000010000111101011000011011000000001111011001000000000100001000010101100010001001000100101010101000010011000110000001000011101001100100010101011001000001001011000000000010110010110000000
01100100000001011101100100001110000001001100010100100011110010111000001110011100000000000110000000011100100000000000100001001101001010011100000000000010001000001000000000101101101000110100000000100001
01001000000000100000100100000111010100010000001010010001101111110101010110001000011010010000100011010000101101010100000110111101100100011100100101110000001000000010111110000000100000111011000100111001
10000011000001001000111111001010000100111111100000001010000101001010010001001101001001001000100001000011100000001011000010110001001010100100110010000010000100000000110110000111100000010010100110010011
00110000011001110110101001100100001101000000000001100110001010100010100000000000000001001100000110101000010001010100000001001110110101000111101001011001001110010010100001000111100100001011000001110001
00110001100010000010000000110000100001000000001110110111110110000001100110000000001100111100010001101101010001100010000001010010010100010101001001110000000000000011100011001010011101011101111001011010
01100010111110001010001010000100100000010001000000100000110100110000000000101000000011000000100000010110000000000010100000110000000010000010000010000001001100010010110001010000000000001000100101001000
01111001011010110110000110000010100000000110011100001111100110010110010100001011000001010011001001100000110111100100100000000110000100010000000000001001011000111100010000001000011000000100000001000000
01010011001100110110001000000011100000100001000000110000011000010100011110101000100001010010001011100001011101011111011010101101111000001100000000011010100001110111011001010000001000011001010000000000
01001001001010000000111011000010010111000010001100010000000101000000100001010000010001100110100000000000011000000010000101001000000001000110111001000000010000001111100000100000101000001110010010010100
00010000101000000101010000110000111001100000001100011010100011001010000000000110100011100010000000000001011000000000011010111000000000111001000100001000011001000000001000001000000111101100000100110011
01101011000010100010011101011000010010001001010001110100001100111001001100110010010110110000101100101010100101001000000001100110000100110001100010000100101100010111010100001100000100101000001111111101
00100000110110000001100100100100111100100100010001011001000000110000000101110100001110010001001010100000000000111000000101000000100010000101100001011010000101000011000010001001000010111010000010101000
11100100001101010001110010000000101000000010000010000101011100001000000100011010101001001001110100000000000000110001010101100000001010000011100011000110110011001100001110010100001000010010111000111001
01000001101000001100001000000100000010001101010000110011100100100110010000100111100010010000101100101010100110010000011111011001111000010000001100010010011001011000011010000110011000000010100001001011
01100001100111010100010001100001011001100000110100010001010001010010001100110010110010011000000000010000100100000010000000000001010010010000000000111000000000011000101011010000000000000010011001100000
10110101000000100100000100101010010001110101100000010111010100001101000000000100100110001010010010010011011000000010001001010001110010010100110011001000010111010010000001010000010001110001000000010100
10011000001110010001000011000000000111110010110001111100010000001000010101110000000100100000011100010000000010110101100110001001010001111011101100001111000101000000000101011001000000011000000110000001
01111000001101000010000001101010010000000011001000111011001011010100000100101100000001011010001100000000011100010000010100011100010000111001000001000000001001100011001011010100110000111000011110011100
00001101001001000000010000100000010000001000010010010000001001000011010110000000101000000101110000101101000000000001000010111110100101100010000000011001100010001101101110100101010000101011010001101001
00000000000000000001010101001000001011100010100010001000101101110011010000110000000000000000000001001001001100101001001001011110000001000010101100010010001010001110100100110000001000010000100111000110
00011010011011100000100001101000010001001110110000000000000011101110000100000001000000101110101000100001010000100001010000101000001000001000010010000100010000000011001100001110000101010010000100000000
10001011010010011101001100010000101010100110000010110000000100010011001010000110001110001000110000101001000101001110000011001110110000000011000001001100100000001101001010010111010001100110101100000010
10010110100110101111100010101011000010111010100010010000001101000000011110010000011110000110010101100000110110000100001100000001010110100100100001000001011111011010001100001000001101011001010010111000
11000100000001000100010100100001010100011001000000001000000100100010010111000000000100000110011000100000000001100110010001000010000100001100011010101100011000000001010100110000001001100000001000110001
01001010110010000000000110001010110110000111000000111000000100011101000010101001101000001111000111000111000110010100000101101100001011000000111011000010010001110111001111010000010011011010100001100000
00001001000001001000010000011010010000000000000100011011000100001000111111010100001000111010001000001000001000000101101000010011011000001001000001000100110000101010010100111110001000001010010000100001
10010001000001001010010000000000010011000000001000010101001100100001001000000100101000001010010010000000001010000000010000010000000010100001011100110001001001000000000110011101000010110001010001111001
00001001000101100000000010000000110110000000010010001010010001100001000011110000001100101000011000011011100001000100100100000011010101001100001010100001000010000000000111100111000011000011001010100010
00011110001010000000001001001010001000011100010000000000000000011110000111000000101001000000000011011010000010011001000000110010000000101100011010101100100011101100000001000111100000001010111000101100
10011000000000000010010110100000001101001000101111100001100100100001100100000010010111001111101110100000000000010010000000001100100010001010000000100101110101100000010000011001011100001011000110000000
01110100100011010011111011010011100000010000100000100000000010010000101111000001001001011001000000011000000101000010100010110000011100001001110000011011100100100100101001100000100000010011000010000000
00011011100101111000001110000000101010011111000101000000000000000011011100111000000011000101000000010000001100010011010101011100000100010100110100010000100000010100110000011100100000010101011000011001
10011010001011101000010000001011110100100000111110000100100100100111010000101010000000010011001110011000001110111110000010010100111100000101000101100000001011101101100001010000000101100100010001010101
00001001000000001001011010001010101000001000000010011010100001100100100110101101000000101000000010000000000110100001010001001110100010001011001010000100000000100110010000000000100011000100001010000000
00100100010101000111111010100001011110100110001001001011010001000111001001010100110100110011010110001100000000010000010000011101000100100100111110100000010110110001000110001110100001110100001000000000
00101000100110101000010000100000101100001000000001000110001011001010000110000001000000000000101100011000000000011101001000110000100000000101101110000000111001100010000100000011001011001010110000000000
11100000011000100101000001010000100001011011001001010001100100001100010010100000000001100100010011000000110000010101100000000011001111000110100010000010101011000100001000000010001110001011101000000011
10110011110001001110000100010110100011001000010010000001010000010110001010000000000110000100100100110000010000000010011001000011101010000100010001000100000101011110100111001010010110000000010001001000
10010001010001010000100001010011101011000000000001101001011011010000000101101100001110000100000101000000000000100000001110000011011101010000000000001101110010110000110000100001000100010001000001001101
00011001000100000000001100000001010000000010100000011010001000110100001000000000000100111101100100011010001010000111001010010010000000110110000010110100010001011100000010010000100100011010000100100001
10001111100010100110111000001000110000101101000001001001001000001001100101000001010100100101000001000001010000100111101101001010110101000000100001110001010010010101101000011010000000100000100110110001
00100000000110100011100010010110100010001000100110110110101000010000101010100010011000000000011101100111010110000110100000110101011101000011010000101001000101101000000100000000000001000100000001100010
01011000001100101100001000000000110100000000100010000001001000001010001110000000000100101000100010100010000101010010010001110110001010001001100010110001110101000000001011001010101011111001000101001011
00100000011110011000100011011001000000100100111111001100010101000001011110010111000010110000000011001010000001100101011101000100001000100110000010001011100010000010101010000000101001010100110000010100
11001000100000101101011001101000010010101110000001001110100110011001010000000000010100001011000110001100101010010000010011000000001001000110100001000000011110010000100010011101100001000101000000010010
00100110010010000111000011100001000111101110010001101000010111000001011000100000010100011100001000000101000001000100110110001010000000011100100110001010010010010100010010101011000001000110011011111111
11000100001100101011011011001000000100001011010001100000000010000000000001111010000001000011110000000101000001100011000000010100100010001000010111010011101001101100001000010010010001010000100100101110
00100110100011010000010000000110000000000101101010000001010001100000000011001000000100100000100101101011001100001101010011110001000000011000010011001000001000001111000001100000000000000111110000000010
00001110100001111000110001000100000001001101000101011000101010110010100101001000001010110010100001011000000010010001110110011010000011000000000010010101001100010110010010101000011110000110000101010100
10110001000010010001101101100000000100000100010100010010010011000011100000001010110001000000100110000000100011000010000011110010000100100100001001000010001010011000001111000100010001010000110000111000
00000010001101001000010110101101011000100100000010100010001011000010100010000010111001000000011000110100011001010010010001010111110100011010011010010000011001010001000000000011000111000011110000001011
10101111100000000101100101000100100000000110101001111010001100111001000010000100001001010011010010100110111110110011010000000101000011000000001001010111010101011010001100101000011001101010000010111000
01100001100000001110100010000010000111000101000000100100011000001011101000000111000101000000101010010101000011000001010011111110001100001100000011000100110000101010000011001110000000100001001010011001
00001101011011011000100100010100000000001110100000100000000100101000101000010100000110000000000001110000100100001110100000011000100000000010000000010011010110111101000011000000000101001111111000011100
10011011101001010101010010010100001001000000000000110001100011111001000010000000110010101000000000010000100101010100001000111100001010100110001010010100110001000110111010101001100010000010101010011100
10000100010000111100011110011100010110100000000001010000010000000000011001001001001001000110100001101011010100101011111101111000010000000000100000011000100001011001001010100110100101000000110100010110
10011000011011110100100100000000000000111000000000011010001001000100001001000011100001001000011010000101000010000111010101000100001100101100000111000011010010110100101000100101111000001010000011010001
10001101010110111010000000000011000010010000101000100001001100100101101010010100011101010000010000001000001110101101100101010000011000000001100011010001000101100000101000001100100100011000111000011101
01101100110011100000001000010010000110000100000000000011011001101000001101000010010000111000100010111100100100010000000100000111000100010110000110010110000001010000101100000000011000011001000011001110
00100000111111001100000100000000010011000001110010001001000000010101100000110101000000000001000000000000101011101010101011000001101011000001000010000000000010000000011011010000010000100001110010111010
11000000000010010100000100100100000001110100111000110001000000101001010110000100000000011100101001001100101101010100000000001000000000001000100000001011001101010011110100000001001000110010000000001001
00001001100110000110000100010010110111110101010011101000110010000000011000000000100000000010010001110010000000000010000000000000000100000110000000011001101010000101110011000001101011000011000000010100
00010000100000000101010100011000000100000000010010000001001100011001010000101100000011011000011010100000000010001110000010001101000100000000100000010010000100000001100001111001000100111001010010010100
00001100110111000100011000101010010010110000100110110001010100001000010000000010000001100110000001111100001110010000010000001000001101011100000110101000100001010000000001101100111000100100100000100000
01100000001000101110000010001110011110010110000000010010010010000100000000001011000110000010010100000100101100000001100000000101100010001100010100000000110000100101010000000001001100010000011010100101
00001000001110110100010001010100000010010101000010100011011000010110101110111101000010010111000000000001001101110110011001101010010100111000100011001000010000011001000110000000110111010010100110001001
01111011110110000000000001000100000011000001000101001000011100101001100001000000110111100010011100101010000001111000000000001100000010011011100000000010011101000010010000000101010110001001101101111000
11001010001001110100000001100100011001001100110000000110001100010001010010010001010000001100101100010001000000111010000001100010001011100010110000010111001100011011001000110000100000000000010001000010
00000101000001100001101000000011010101010000100000000010000101000101010100100010000001001011000001000010000011000100001010001000110101010111000011111100010000010010100000010111110110010010000100100101
00011010010011110000100100101110001001111000011010010110101101101001000110000111100101000101101110100000000000111101011000010010000000001111100010000100100000100000000001000100000000000010000110101100
11011011001010000011010001000010100000101000000011000110000111011010101010110001110110100100000100000101001001100100101100101100000101011100100111000110101000100111001000001110010000100100100100010010
00000010101010110010100000001010000010010001000000010111110101001111100001010011011100010111110000000010000001001101000110010100110000010111100000001101000100100000011010000000110010000000010011011000
00001001000000100000001001110000100110100010100010000000110000000011000001001110100100011101000000000010000110010100110010011010000100010000110111000110110001100100110100100011000101000000100001010010
11011000011000010000001011100101110000101011001100000001000010101001010010111110000010101100001000000111010000011000100000101000011000110100010111010001001000101100000000000010000000110001000100001010
11001000101000010100010001001100101100100010010111011001100011110100000111011010100011000000101100000100000110101011101000110001000000100000101111000000110010100100110010001000000000000001010100000010
10100101100000000101101001001000001000100000010100101101010000101010001001110111010111100000100100000011101010000000010001011101010001101011101011000000000001010100111010011000011001111101000011110100
00000111000000100011100000000000000001011110110000010000001000000111001101000000101101001101010010001000000101101000000101000100010010000110001101000000100001000010100000101001011000100000100110110000
01100011101001111010000111001000001000011000001110000110000101001011001010010111100111000000000100010001011010000000100010011000011110001100100101001001011011110111000100100000111011010010000000000000
11110000001001000001010010110010111101011100110011100100000010000000010010111100101000101000000101100101001110000001000001001000100000000000100001010001001000110011000100010100100000101010010000000000
00010111000000000000010000110111100011000111101000110101001111000001011001100010011001010010011110010001000101110000001101000001011001010011000000000011000101000011100001011000000001010010011010001100
01110001110000001101001111000000101000000010000111000001000100001110010100111000010010010100010100101101100111010001111010100010011001000000101000101111110100000001001101000011010011110110000000010000
11100000000110000101001010000110101001000101100000010001000001000111000000001010011100011000101001000101100000000001000000011000000010111001001000100011000010100011101100101100110111100000001000101001
01010001100010001000010001111000000111001100100000001001000001000000101100010001100110100010100000000011000011010000001001010000000001101011010001110000010100100111100001101001100001100010000000000100
00100000010011000101000101001100000000000000001000010010001011011100000000011000000000011001000000000000000000000010000011000000000001101010010000101000100010000001111011000000000000010010101000000000
00001101000000010000000100000110000100100100000001100000100001100100000010001010000101011010101000000011000110000001011010101010001101001111000111101111100000011001100001100100000000000001100111001000
01001100000001000010100001001110100001000000110010000111000110000011100110100000010000100001010000000110000100101001001001000010101001001010011111000110000101000101100100000101111101100010000111010111
01011000100101000111000000111100100001110001001010111010000100001100000010000001000101110000010111000101111000001101011100001001000000011001000001001100110010000000100101100000111100100001100000001000
10100000110010100101000110000010000010000010101100010110101001100000001101000110110001010100000001100011100011110011110010000110100010000001000100010011100100000000101000100100100000000010000011011010
00011001010010110111100000101101000010110011111110001000101011000010010011000100101111100100000011001100011000000010011001001000000110000100010000100010100101110000001100010000001001010000011100000000
00100010101010101010010100000010000111100000001101001000010010000010000001101001011000101010010101001110011100110110100100100000011010110011000000000001000011101100000000001101100000100011011011111111
00100101001100010000000000101001100110100000010010100110000011000000110011000110000011001110001000111001010110000010011100110011010010011011000111100000000110100001101100010000100000010000000011001011
01110000000010010010100111000010001101001000000011011010010011000101010000010010000110000000110110000000100001001100100010101111001000001100001000111111110000110001000000100000011100001010010101001000
00000110110001000100000001011000000010100101000001000010010010001000010011110010011000010100001011000000010100101001011010000010000001000000000000000100100000010000001000110010001000000100001010011000
10100010100000000011111000100111101010101110110000000010000101000000011001000100000001100000001100001110110010010100100011000001100110000001100111000000110000000001000010110110001101000000011011001000
10000000001000001100000001001011001110011100000100101001100100011000110001000011001011011001010001101111101100110101000011010001000100001110101000101000010000000000001001011010001011001010001000000110
01000000001000010010000101110001011010100100001000101101101100110011000100000101000110110110100101100010100111011001010111000010011111100010010011000000011000100000001000001000001001100010001000000000
00010010100010111110000100110100001010000001000001010000001000110000000111011001000000010001100000000000010010100100000000000001111000011111101010000010000110101000001001000001011000011010100000001000
00101000110000010000000010001110000010001000010001001000000010001001101101011001000000111010010000001010000100100110110010001000000111011000000001100010000110001101101100111000101011110001110001111010
10011100011000100010000000000100010100011000001000001000000011001100001101001100011101001000011000000010101100000010110011110001001001000100011001110010000101000100010101011101010100011000010000000000
00010000100100000011100001100001010010010111001000010000000110111010100000010010101000010001011000100100101100011100001111010010100000000101100100001100100101010101000101010100011010110110000000100010
00000111101001100010100100101010001100101101001100010010000000011001000101000100101000001001000000000011100010000001100000000111000010000010100100011011001110001101001100011010001001011011100001100000
01010001000100100110000001100001001110101111100000001100011010000110100111000010001110000001011001000000011000110000000011001011010000010001010000000111001000000010001101010100000000000111100110110100
11011100100000111010001001100010001010010011101101010000100100000000110100111001000001010000000101001010110000101101000000111010011010000101011110100010110010001010110011101100000010111001000110011110
00000111010000110100000010010000001010000111110100110001000000001000011110011000000101100000001100100011111001010001101010011001100000100101101010010001000000000000000010111001110010001001010000110000
00000100010110100001010001010010001100001000010010010011000110001111000000000001010000100011010100001001010000011000000111010100000000100111100001000000000100100000010100001011010011000000100100000011
00000001000010000010010001101010011001100101100110100011100000111111101001000010000000001000100001000000000010000001000000001101001100001000011001100000010010010000000101111101000100100011001000000110
00000010100000000000100100110000101000001011000010010000101000000001000000000110011000100000010000010101100100000100100100000100001010000010010100001010101001000110100100110100110000000010101100000100
00101100101110101001110101001100111000100111100010110100111111010100011000001011010111100101010000100111010100000000100100000100101100100000010100001010010100001010100011110011000001011101101111101010
00100000010100000101111001000100101001010101111010011011010000001101001111011110100000100000110001100001000100000011111000011100011001000111001010000000000111100110010101100010110000100001011110101010
00000000000010000011010110000010010100100100000001010000000000000010000010010001100011001001000010000000001000010100110011011000010000100010101100001101010111110011101101111001000001101011001101110000
01101001100011011000011000100100000010000001110110010010001001010000001100100101000100000001000010101101101000110000001000000101010010011011001001011001010000001000010000101000011000011101101000110010
01001100000000001110100001001001110010001010001011011000001001101001101010101001000100011001000111010010110000101000010110100010001010010001100001001001000110110100101000101101111001010010010111000101
00101000000110100110100110010000000100010110100010000001110110000110100001000010010111000000100110101010001000101000001000000000010010100100100000000100011001000010001000011000000011011001001000010110
01000000000100010001101101000010110100010000000100000000000011110000011101001001100100100011000000010000111010010111001110100001001011000000110010100000010110111000010110000010000000011101001001000010
10010001100000000011000011000110000010011100010000010100000011101001001101111001010000011111000000000101001100111110010000000010000110000010000000000000101010110110010010010001011100001100101010110001
00000000001100001001110000110101000100010100001100001001000010110110100010001001000110011100010110000001100001010010001001000111001011100111011110101111100100100001000110110110000001110001100100001111
11011010001110001111000100110000110001010011111101000000111001011001000000001001000000001000000001010000010000000111000010110010100001101110010100001000010000010000000100011010000000110000001000100011
10001001101110111111011001001010001000100101010000000110100110111110101100100000101111001010001001101010000011010111001010000100101000001100110110000001000111010100000000101001111101010011010100000011
00010110000001010110110010011110101110001010000100100110010001000011000000110110010010000010001010010100111100100100010110000010100001110100010000100000100010010101110000001001000001101001000100010010
10101100000101100101011110010001100101000001010111001100100011100010000000101000001000100101011100000001000010000110111000000011011110111000110010100000101010000011100100100101010001010101011010011000
00100110100100000000000100010101001000110101000000001000010000010100100010000010100000000100010001001101000001000100111010001001010001101010000010011010001010000101100011101111011100011110000010000111
00001000000000000000011010001110100011110000111000011101011000010101000000010000000110000000000010000110011011000010010100000100001100001100111000010011111110000111001010000000000010011000010010011000
10000111011001001100001001100010000110001000011111000000001010000101100010010010011001001001011010000100001001100100010000000101011000000001001011000011110000011110010001010000000110111000110000011000
00100000011101010001001110001011000001000010001000001100000010010001001100010001000010000100100000001001000101010010011100110001100001110010001001010001100110001011001000010000111000011011111101000110
00110000000000111000011000000010010010001100000001001010111011000010010101001001000101011001101110001000010001011101010100101111100000000000010101010011101010011000001000100100010100000000000100010101
10000000000100100100001010000010100001000010101001101101111001100010110000000011000001001000000100100001001001101101100011001101101101100100000000100001001110110010100101110101001100000010000101000000
00010000000000100100100001100011010000011100011101100011011011010000000111100100100001000100000000001001100010000010010010000000010000110101000110010001010010110101000100000000011010011001001000010111
11110100011000100100100010000000011100011000011001001101110010110111100101001010000010011000011000100000000100000000010000001001110001000000100011011001100010001000000000001000110000000000000010000100
00000000101011000100000110110011001010010101110011010100000100000011100000100111111000101000000100000000100000010001101101010110000111010010001110010000100101010110010010010010010110001010000000001010
00000010011100100001101110010000100000001000011110010010001010101111101000000100100011010111001000001011010000000000000000000110001001110000001000100001000000100000100000100010001000010100111010111000
11000010010000000101100100001011000001011000001100001001100001111100110000101000010100010110010000000000010000000110000011000101001000010000000000110100010100011010100100000000010100101000100001100110
00001000001G10101000000001010100010001000110111011010000100000000101100000001101101110110011000000000000010000101110010000000001000000010000000100001011010000100000100010001000000110100100100010010000
00000011101000000100000100110110000000011100001011001010110011001110011001110110101100000011111000110101010101100100101001010010001000000100010000010000000001110111111011000100010110100001110011001010
00100101010001010000101000001010010110000100100100000111000110110101010010000101000001011001000001000000011000010010100000001000001100000000000110001010000100001101101010111111100000010000101110001110
00010010011000000100001010000000000000000000100011011001100001001011111110111000111011101000100111110110000100000001000000000000101000100010110000100000001000000000010000000111101101100101000010000010
00000010100110000011110100010100001100000110100011001000000001101001001110100010101000001100001010000001000000101000000001101101110000000100010001011010000010101001000010010101110010001101100000100000
