2 1
3 3
4 5
5 7
6 9
7 11
6 13
5 15
4 17
3 19
4 21
5 23
6 25
5 27
4 29
3 31
4 33
3 35
2 37
3 39
4 41
3 43
4 45
5 47
6 49
5 51
4 53
5 55
6 57
7 59
8 61
7 63
6 65
5 67
4 69
5 71
4 73
3 75
2 77
1 79
0 81
1 83
2 85
3 87
2 89
3 91
2 93
1 95
2 97
3 99
4 101
5 103
4 105
5 107
4 109
3 111
4 113
3 115
2 117
3 119
2 121
3 123
2 125
3 127
2 129
3 131
2 133
3 135
2 137
3 139
4 141
6 142
5 144
4 146
3 148
2 150
1 152
0 154
1 156
2 158
1 160
2 162
3 164
2 166
3 168
4 170
5 172
6 174
7 176
6 178
7 180
8 182
9 184
8 186
9 188
10 190
11 192
12 194
13 196
11 195
Expanded Nodes: 5503