4 0
2 1
3 3
4 1
6 0
8 1
10 0
9 2
7 1
8 3
9 1
7 0
5 1
4 3
3 5
2 3
4 4
3 6
4 8
6 7
4 6
3 8
1 9
0 11
1 13
0 15
1 17
0 19
1 21
0 23
2 22
4 21
5 19
7 18
9 17
11 16
10 14
11 12
13 11
14 9
16 8
17 6
16 4
18 3
19 1
21 0
22 2
23 0
21 1
19 2
18 0
16 1
15 3
14 1
13 3
12 5
10 6
9 4
11 5
10 7
12 6
10 5
9 7
11 6
10 8
9 10
7 11
5 12
6 14
4 15
3 17
4 19
6 18
8 17
10 16
11 14
12 12
14 11
13 9
12 11
14 10
16 9
17 7
19 8
20 6
22 5
23 7
25 6
26 4
28 5
30 4
31 2
32 0
34 1
36 0
35 2
37 1
39 0
40 2
42 1
44 0
46 1
48 0
50 1
49 3
48 5
50 4
52 3
54 2
56 1
54 0
55 2
57 1
59 0
60 2
61 0
59 1
57 2
58 4
59 6
61 5
63 4
65 3
66 1
68 0
69 2
68 4
70 3
72 2
73 0
75 1
77 0
78 2
76 1
78 0
79 2
81 1
82 3
84 2
86 1
88 0
87 2
89 1
88 3
87 1
85 2
83 3
81 2
79 3
78 5
76 6
75 4
73 3
72 1
70 2
69 4
70 6
68 7
66 6
65 8
67 7
66 9
68 8
67 10
69 11
71 10
72 8
73 6
75 5
77 6
79 5
80 7
82 6
81 8
80 10
79 8
81 7
83 6
85 5
87 4
88 6
90 5
92 4
94 3
96 2
97 0
98 2
100 1
102 0
101 2
103 1
102 3
104 2
106 1
108 0
109 2
110 0
108 1
106 2
107 0
109 1
111 0
112 2
113 0
115 1
116 3
118 2
119 0
120 2
122 1
120 0
119 2
117 3
115 2
113 3
114 5
112 4
110 5
109 7
108 5
106 4
104 5
102 6
100 5
99 7
101 6
102 8
101 10
99 11
97 10
95 9
96 7
97 9
99 8
98 10
100 11
99 13
97 14
95 15
96 13
94 14
92 15
93 13
94 15
92 14
90 15
89 13
88 15
86 14
88 13
90 12
89 10
88 8
90 9
88 10
86 11
84 12
83 10
82 12
81 10
79 11
77 10
75 9
74 11
72 10
73 12
71 11
69 12
70 10
68 11
69 13
67 14
66 16
64 15
62 14
64 13
63 15
62 17
64 16
66 15
64 14
66 13
64 12
63 10
62 8
61 6
59 5
58 7
56 6
54 7
52 8
50 7
49 5
48 7
47 5
46 3
44 4
46 5
44 6
43 4
42 2
40 1
39 3
37 4
35 5
33 6
31 7
29 8
28 6
27 8
25 9
24 11
23 9
21 10
19 9
20 11
18 12
19 10
21 11
19 12
17 13
15 14
14 16
13 18
15 17
17 16
19 15
20 17
21 19
23 18
25 17
23 16
25 15
26 13
28 12
29 10
31 11
33 10
34 12
36 11
38 10
40 9
41 7
39 6
40 4
41 6
43 7
44 9
43 11
45 10
46 12
48 11
47 13
46 15
48 14
46 13
47 15
46 17
44 18
43 16
41 15
43 14
42 12
43 10
45 9
47 8
48 10
50 11
52 10
51 12
50 14
52 15
54 14
53 16
55 15
57 14
56 12
58 11
57 13
56 11
58 10
57 12
58 14
59 16
57 17
55 18
56 20
54 21
52 22
53 20
51 21
52 19
53 21
51 22
49 23
47 22
45 21
47 20
46 22
44 21
43 23
45 22
44 24
46 25
45 27
47 26
48 28
50 27
52 26
54 25
56 24
58 23
59 21
61 20
62 18
63 20
65 19
67 20
69 19
71 18
73 17
74 15
76 14
75 12
77 11
75 10
74 12
73 14
74 16
73 18
71 17
73 16
72 18
73 20
71 21
70 23
68 24
66 25
65 23
63 22
62 20
61 18
60 20
59 22
57 23
55 24
53 25
52 27
50 26
48 27
47 29
45 30
44 28
42 29
41 27
39 26
41 25
40 23
41 21
39 20
41 19
39 18
37 17
36 15
38 14
37 16
39 15
38 13
37 11
38 9
36 8
34 9
33 11
31 12
29 11
27 12
26 14
25 16
26 18
28 17
29 19
30 17
31 15
32 17
33 19
32 21
34 20
32 19
31 21
29 22
27 21
28 23
26 24
27 22
25 21
23 22
21 23
19 24
20 22
18 21
16 20
18 19
17 21
15 20
14 22
16 21
15 23
13 22
11 21
9 20
10 22
8 21
7 23
5 22
4 24
3 26
1 27
0 25
2 26
4 25
3 27
5 28
7 27
6 29
7 31
5 32
3 33
2 31
0 32
1 30
2 32
3 30
5 29
7 28
9 27
10 25
8 24
7 22
9 21
11 22
10 24
12 25
10 26
8 27
9 25
10 27
11 29
12 31
14 30
15 28
17 27
19 26
20 24
21 26
19 25
18 27
16 28
14 29
12 30
11 32
9 31
7 32
8 34
9 36
7 37
5 38
4 36
2 37
1 35
0 37
2 36
4 37
5 39
3 40
2 42
4 43
3 45
5 44
7 43
6 45
4 44
2 45
1 47
2 49
3 51
4 49
2 50
1 48
3 49
5 48
7 49
6 51
5 49
3 50
2 52
1 54
3 53
4 55
6 54
7 52
9 53
11 52
10 54
12 53
14 52
16 51
18 50
20 49
22 48
23 46
25 45
26 43
27 41
29 40
31 39
30 37
32 36
31 34
33 33
32 31
33 29
34 27
36 26
37 24
39 23
37 22
36 24
35 26
34 24
33 26
31 25
29 24
28 26
26 25
24 26
25 24
26 26
28 27
26 28
24 29
22 30
21 28
20 30
22 29
24 30
26 29
28 30
30 29
31 31
29 30
28 32
26 33
24 34
25 36
26 34
24 33
22 34
21 36
20 34
18 33
19 31
17 32
15 33
14 35
12 36
11 34
12 32
14 33
15 35
16 37
18 36
17 38
16 40
14 39
16 38
15 40
14 42
12 41
11 39
9 40
7 41
8 43
10 44
11 46
10 48
12 47
14 46
16 45
18 44
20 43
22 42
24 41
23 39
22 41
20 42
18 43
17 45
18 47
20 46
22 45
23 47
25 46
26 44
27 42
29 41
31 40
33 39
35 38
36 36
38 35
40 34
42 33
41 35
43 34
45 33
47 32
49 31
51 32
53 31
55 30
56 28
58 27
60 26
62 25
63 23
65 24
66 26
64 27
65 25
64 23
66 24
68 23
70 22
72 21
73 23
75 22
76 20
78 19
80 18
81 16
82 14
80 15
78 16
79 18
80 16
81 18
82 20
84 19
86 18
87 20
89 19
90 21
91 19
89 18
90 20
89 22
87 21
85 22
84 20
82 21
80 22
78 23
76 22
74 23
75 25
76 23
78 24
76 25
77 27
78 25
79 27
80 29
82 28
80 27
82 26
84 25
85 23
87 24
89 25
88 27
90 26
89 24
91 25
93 24
95 23
97 22
99 21
100 19
102 18
104 17
103 15
105 14
106 12
108 11
107 9
108 7
107 5
109 4
111 5
112 3
113 5
114 7
112 8
111 10
112 12
110 11
111 9
112 11
114 10
115 8
117 9
115 10
116 12
117 10
119 11
120 9
121 7
120 5
122 6
124 5
125 3
127 2
129 1
128 3
130 2
129 0
131 1
133 0
135 1
137 0
138 2
140 1
142 2
141 0
143 1
142 3
140 4
139 2
137 3
136 5
134 6
133 4
131 3
130 5
128 6
126 7
124 6
125 8
123 9
124 11
122 12
120 11
119 13
118 15
116 14
114 15
115 13
116 15
118 14
116 13
115 15
113 16
111 17
112 15
110 14
108 15
107 17
106 15
104 14
102 15
103 17
101 18
99 19
98 17
97 19
99 18
101 19
102 21
104 20
105 22
107 21
109 20
110 18
111 20
113 19
115 18
114 20
116 19
118 18
119 20
120 18
122 17
124 16
125 14
127 13
128 11
129 13
131 14
132 12
134 11
136 10
137 8
138 10
136 9
134 10
132 9
131 11
132 13
134 12
135 10
137 9
139 10
141 9
143 8
145 7
147 6
149 5
148 3
150 2
152 1
154 0
155 2
153 1
151 2
152 0
150 1
148 2
146 1
147 3
149 2
151 1
153 0
155 1
157 0
156 2
155 4
153 5
152 7
150 8
149 6
151 7
153 6
155 5
153 4
155 3
156 5
157 7
159 6
161 5
163 4
165 3
163 2
165 1
166 3
167 1
168 3
170 2
172 1
174 0
173 2
175 1
177 0
176 2
178 1
180 0
179 2
181 1
180 3
181 5
179 4
177 5
176 7
175 5
173 4
172 6
170 7
168 6
166 7
165 9
163 10
162 8
160 9
162 10
161 8
160 6
158 7
156 8
154 9
152 10
151 8
149 9
147 10
145 11
143 12
141 13
139 14
137 13
136 15
138 14
140 13
142 12
144 11
146 10
145 8
143 7
142 9
143 11
141 12
139 13
137 14
135 15
134 17
132 18
131 16
129 17
127 16
126 14
124 15
122 14
123 16
122 18
123 20
122 22
124 21
126 20
127 22
129 21
127 20
129 19
128 17
127 19
125 20
123 21
122 23
121 25
119 24
117 23
115 24
116 22
117 24
115 23
113 24
111 25
112 23
110 24
111 26
109 25
107 24
106 22
104 23
102 22
101 24
99 25
97 26
95 27
94 29
93 27
95 26
97 25
99 24
101 25
102 27
100 28
99 30
97 31
95 32
94 30
92 31
93 29
94 27
95 29
93 30
92 32
90 33
88 32
87 30
85 29
86 27
84 28
86 29
87 31
88 29
86 30
87 32
86 34
84 33
82 32
80 33
78 34
79 32
77 31
79 30
80 28
78 27
76 28
74 29
73 27
71 28
72 26
70 27
68 28
66 29
64 28
62 29
60 30
62 31
60 32
59 30
58 32
56 31
54 30
56 29
55 31
53 30
51 31
49 32
47 33
45 34
47 35
45 36
44 38
43 40
42 38
40 39
41 37
43 38
45 37
47 36
49 35
50 37
52 36
54 37
53 35
55 34
54 36
56 35
55 37
54 39
53 41
55 40
57 39
59 38
61 37
59 36
61 35
60 37
62 36
61 38
63 37
65 36
67 35
69 34
70 32
72 31
74 30
73 32
71 31
69 32
68 34
67 36
69 37
67 38
65 39
66 41
67 39
65 40
63 41
61 40
62 42
60 41
59 43
60 45
62 44
61 46
60 44
62 45
64 44
66 45
65 47
67 46
65 45
64 47
63 49
62 51
61 49
60 47
58 48
56 47
57 45
55 46
53 45
51 44
50 42
49 40
47 41
45 42
44 44
42 43
43 45
45 44
46 46
44 45
42 44
40 45
41 43
42 41
40 40
38 41
39 39
37 40
35 39
36 41
35 43
33 42
31 43
29 44
28 46
30 47
32 46
31 48
30 50
32 49
34 48
36 47
35 49
37 48
35 47
37 46
36 48
38 47
40 48
39 50
41 51
43 50
45 49
43 48
42 50
44 49
43 51
45 50
47 49
49 50
50 52
52 51
54 50
55 48
56 46
57 48
58 50
59 52
57 51
56 53
58 52
59 54
58 56
56 55
54 56
53 54
52 52
50 51
49 49
51 48
49 47
50 49
49 51
51 52
52 54
50 55
48 54
49 52
47 53
45 54
43 53
41 54
42 56
43 54
45 55
46 57
44 58
45 56
47 57
48 59
47 61
49 60
51 59
50 57
49 59
51 60
53 61
51 62
52 60
53 62
55 61
57 60
58 58
59 56
61 57
63 56
64 54
66 53
68 52
69 50
67 49
69 48
70 46
72 45
74 44
75 42
77 41
79 40
81 39
82 37
83 39
84 37
85 39
86 41
88 40
90 39
91 37
93 36
94 38
96 37
97 35
98 37
100 36
102 35
100 34
102 33
101 35
100 33
98 34
97 36
99 37
100 39
98 40
96 41
94 40
95 38
96 40
98 41
99 43
101 42
100 44
98 43
96 44
94 45
95 47
93 46
95 45
94 47
93 45
92 43
93 41
91 40
90 38
88 39
87 41
85 42
83 41
84 43
86 42
88 41
89 43
88 45
86 46
84 45
82 46
83 44
81 43
83 42
82 40
80 39
79 37
78 35
76 34
74 35
72 36
70 37
72 38
71 40
73 39
74 41
75 43
73 44
72 46
73 48
75 47
77 46
76 48
75 50
77 49
79 48
77 47
79 46
80 48
82 47
83 49
84 51
82 50
83 52
84 50
86 49
87 51
88 49
89 51
91 50
90 52
88 51
87 53
85 54
84 52
82 53
80 54
79 52
77 53
75 54
74 56
72 55
74 54
72 53
71 55
69 56
67 57
68 59
69 57
71 56
69 55
68 57
67 59
69 60
71 59
70 61
72 60
74 59
76 58
77 60
79 61
81 60
83 59
82 61
81 59
83 58
85 57
87 56
88 54
90 55
91 53
90 51
92 50
94 51
93 53
95 52
94 54
93 56
95 55
97 54
98 52
100 51
101 49
100 47
102 46
104 45
105 43
107 42
106 40
105 38
107 37
108 35
110 34
108 33
109 31
110 29
111 27
109 28
110 26
111 28
109 29
110 31
108 32
106 33
105 35
106 37
104 38
103 40
104 42
105 44
107 43
108 45
110 44
108 43
109 45
111 44
112 42
114 41
113 39
114 37
115 35
116 37
118 36
116 35
118 34
120 33
122 32
124 31
125 29
126 27
127 25
125 24
126 26
128 25
130 24
132 25
133 23
135 22
134 20
135 18
137 19
139 18
140 20
142 19
143 17
145 16
146 18
148 17
150 16
152 15
154 14
152 13
151 11
150 13
148 14
149 16
148 18
150 17
152 16
154 15
156 14
157 16
155 15
157 14
156 12
155 14
157 13
159 12
160 14
162 13
163 11
165 10
167 11
168 9
167 7
169 6
171 7
172 5
170 6
172 7
173 9
175 8
176 10
178 9
180 8
181 6
183 5
184 7
186 6
184 5
186 4
187 2
186 0
188 1
190 0
191 2
193 1
195 0
194 2
196 3
194 4
193 2
191 3
189 4
188 6
189 8
191 7
190 9
192 8
194 7
196 6
195 8
194 10
196 9
198 8
199 10
198 12
197 14
196 12
195 10
193 11
191 12
189 13
188 11
186 10
188 9
187 11
186 9
184 8
183 10
181 9
183 8
182 10
180 9
178 10
179 12
178 14
176 13
174 14
173 12
171 13
170 11
169 13
167 12
166 14
165 16
167 15
166 17
168 16
166 15
165 17
163 16
161 17
162 19
160 20
159 22
160 24
158 23
160 22
161 20
162 22
163 20
164 22
166 21
168 20
170 19
169 17
168 19
166 20
165 22
163 23
164 25
162 26
164 27
165 25
167 24
169 23
171 22
173 21
174 19
176 18
177 20
176 22
178 21
177 19
176 17
178 16
179 14
180 12
181 14
183 15
185 14
186 16
184 15
183 17
181 18
183 19
182 21
183 23
185 22
187 21
186 19
188 18
190 17
188 16
189 18
190 16
192 15
194 14
195 16
197 17
195 18
193 19
194 17
195 19
196 17
198 18
199 20
197 21
195 22
193 23
191 22
192 20
190 21
192 22
194 23
193 25
192 23
190 22
189 24
190 26
188 25
186 26
187 24
185 23
186 21
185 19
183 18
181 17
180 19
178 20
176 19
174 20
172 21
171 23
172 25
174 24
173 26
171 25
169 26
168 24
166 25
164 26
165 28
166 30
168 29
169 27
171 28
169 29
167 30
166 32
165 30
164 28
162 29
161 27
159 28
160 26
158 27
156 26
155 24
153 23
152 25
151 23
149 24
148 22
146 21
145 19
147 18
146 20
147 22
145 21
144 23
142 22
141 20
139 19
137 20
135 21
134 23
135 25
134 27
136 26
135 28
134 30
132 29
130 28
132 27
131 29
130 27
129 25
127 26
125 27
124 29
123 27
122 25
121 27
119 28
120 30
118 29
117 31
118 33
120 32
122 33
123 35
125 34
127 33
129 32
128 30
130 29
129 31
128 33
130 32
131 34
132 32
133 34
135 33
137 32
136 34
138 33
137 35
136 33
138 32
139 30
141 29
143 28
145 27
147 26
146 28
145 26
144 24
142 23
140 24
141 26
142 28
141 30
143 29
145 28
146 30
148 31
150 30
149 32
151 31
149 30
148 32
150 31
152 30
154 29
155 31
157 32
155 33
156 31
154 32
155 30
157 31
159 30
160 32
159 34
157 35
155 36
153 35
151 34
149 35
148 33
146 34
144 33
145 35
144 37
146 36
145 34
144 36
146 35
145 37
146 39
144 38
142 39
141 37
139 38
138 36
140 37
138 38
137 40
136 38
134 37
133 39
135 38
133 37
132 35
131 37
129 36
127 37
125 38
123 37
124 35
125 37
127 36
125 35
126 37
124 38
123 40
124 42
126 41
128 40
129 42
127 41
129 40
130 42
129 44
127 45
125 46
126 44
128 45
129 43
131 42
133 41
135 42
137 41
138 43
140 42
141 40
142 42
144 41
143 43
145 42
144 44
145 46
143 45
142 47
141 45
140 47
138 48
137 46
139 47
138 45
136 46
135 44
133 45
132 47
131 49
133 48
132 46
131 48
130 50
132 49
131 51
130 49
129 51
127 52
125 51
126 49
125 47
126 45
124 46
122 45
123 43
124 41
122 40
120 41
118 42
117 44
116 46
118 45
116 44
117 46
118 48
120 47
122 46
121 48
122 50
124 51
123 53
125 52
124 54
122 53
124 52
123 54
125 55
124 57
126 56
128 55
129 57
130 55
132 54
134 53
136 52
138 51
139 53
141 52
142 50
144 49
146 50
145 52
147 51
149 50
148 52
150 53
149 51
150 49
151 47
149 46
151 45
152 43
154 42
155 40
157 41
158 39
160 38
162 37
164 36
166 35
168 34
169 32
171 33
172 31
174 30
176 29
178 28
180 27
182 26
181 28
180 26
178 25
180 24
182 23
183 25
185 26
184 28
182 29
180 28
178 29
179 31
177 32
175 33
174 31
176 32
178 31
180 32
182 31
183 33
184 31
186 30
188 29
187 31
188 33
190 34
188 35
187 33
186 35
188 34
190 33
192 32
194 31
195 29
196 27
197 25
198 27
196 26
198 25
197 27
196 29
195 31
197 32
196 34
195 36
197 35
199 36
198 38
197 40
199 39
198 41
197 43
195 42
194 40
193 38
192 36
191 38
189 39
187 38
185 39
184 37
185 35
183 36
181 37
180 35
178 36
177 38
176 36
178 35
177 37
175 36
177 35
176 33
175 35
173 36
171 37
169 38
170 36
168 37
166 38
167 40
168 38
166 39
164 40
163 42
162 40
160 39
158 38
160 37
159 39
158 41
159 43
157 42
155 43
154 45
152 46
154 47
155 49
153 50
154 52
152 51
154 50
155 52
157 51
159 50
161 49
163 48
162 46
164 45
166 44
168 43
167 45
166 43
168 44
170 43
172 42
173 40
174 42
176 41
177 39
179 40
181 39
180 41
182 40
181 42
180 44
182 43
184 42
185 40
187 39
189 40
191 41
192 43
194 42
196 43
195 45
197 44
198 46
199 48
197 49
198 47
196 48
197 50
196 52
194 51
193 49
192 47
194 46
192 45
191 47
189 46
188 44
187 42
185 43
184 45
183 47
185 46
184 48
186 47
188 46
190 47
189 49
187 50
186 52
184 51
186 50
185 52
183 51
181 50
179 49
180 47
179 45
181 44
180 46
179 48
177 47
178 49
176 50
174 49
175 47
174 45
173 43
172 45
174 46
172 47
170 48
168 49
167 47
165 48
163 49
165 50
164 48
162 49
160 50
161 52
159 51
157 52
158 54
157 56
159 55
161 56
162 58
164 57
162 56
164 55
166 54
168 53
167 55
169 54
171 53
172 51
174 50
176 51
175 53
176 55
178 54
179 52
180 54
178 53
176 52
174 53
175 55
174 57
175 59
173 58
171 57
170 59
168 60
166 59
164 60
165 58
164 56
162 57
161 55
159 54
157 55
155 56
153 55
151 54
149 53
150 55
148 56
147 58
145 59
144 57
145 55
144 53
142 52
140 53
138 52
136 53
137 55
138 57
136 58
135 60
133 61
131 60
130 58
129 60
127 59
129 58
130 60
132 61
134 60
135 58
136 60
137 58
138 60
140 61
141 59
142 57
144 56
145 58
147 57
149 56
150 58
149 60
147 61
145 62
143 63
141 64
139 65
140 63
138 64
136 63
135 65
133 64
135 63
134 65
133 67
135 66
134 68
133 70
135 69
137 68
139 69
141 68
143 67
144 69
146 68
148 67
149 65
151 64
153 63
155 62
154 60
156 59
158 60
159 58
160 60
161 62
163 61
162 63
161 65
163 64
165 63
164 65
166 64
168 63
170 62
171 60
170 58
172 57
174 58
175 60
174 62
173 64
175 63
173 62
175 61
174 59
176 60
178 59
180 58
182 57
180 56
179 58
181 57
180 59
182 58
184 59
186 58
188 57
190 56
189 54
191 53
193 52
194 50
196 49
197 51
196 53
195 55
193 56
191 57
192 59
190 60
188 61
186 62
184 63
182 64
180 63
178 62
180 61
179 63
178 65
176 66
174 67
175 69
176 67
177 69
178 71
180 70
182 69
184 68
185 66
187 65
189 64
190 66
191 64
193 63
195 62
194 64
193 62
195 61
197 60
198 62
197 64
195 65
194 67
193 69
195 68
194 70
196 69
198 68
197 70
196 72
195 74
194 72
192 73
190 72
188 71
189 69
190 67
188 68
190 69
188 70
186 71
185 69
184 67
182 68
181 70
182 72
184 73
182 74
183 72
184 74
182 75
180 74
178 73
177 71
175 72
173 73
171 74
172 72
171 70
169 69
171 68
172 70
173 72
171 71
169 70
171 69
169 68
167 67
165 68
163 69
161 68
159 67
160 65
158 64
156 65
154 66
152 67
151 69
149 68
147 67
148 65
149 67
151 68
153 67
152 69
151 71
150 73
152 72
151 70
150 72
148 71
147 73
145 72
147 71
146 73
144 72
143 70
141 71
139 70
137 71
138 69
139 71
137 72
135 73
133 74
131 73
132 71
130 70
129 68
130 66
131 64
129 65
128 63
126 62
127 60
125 61
126 59
125 57
123 58
121 59
120 57
119 55
120 53
119 51
117 52
118 50
116 51
114 50
113 48
111 49
113 50
112 48
111 50
113 49
114 51
116 52
114 53
113 55
112 53
110 54
111 52
110 50
108 49
106 48
105 46
104 48
106 49
108 50
107 52
105 53
104 55
103 57
105 56
107 55
109 54
108 56
110 55
109 57
108 59
110 58
109 60
111 59
113 58
114 56
116 57
117 55
119 54
120 56
118 55
116 56
114 55
113 57
114 59
116 60
114 61
113 59
115 60
114 62
116 61
118 60
120 59
119 61
121 60
120 62
119 64
121 63
120 65
122 64
123 66
125 65
126 67
124 66
122 67
120 68
119 66
117 67
115 68
116 66
114 65
116 64
117 66
116 68
114 69
112 68
113 66
114 64
113 62
111 63
109 62
108 64
107 66
109 65
108 63
106 62
104 61
102 60
100 59
101 57
99 58
97 57
95 58
94 60
92 59
90 60
88 59
89 61
91 60
90 62
89 60
91 59
93 60
95 61
97 60
98 62
97 64
99 63
98 65
97 63
99 62
98 64
97 66
95 67
94 65
93 63
92 65
90 64
89 66
91 65
90 67
89 65
87 64
89 63
90 65
89 67
87 68
85 67
86 65
87 63
85 64
83 65
84 63
82 64
80 65
78 64
79 62
77 63
78 65
76 64
75 66
74 64
72 65
73 63
71 64
69 65
70 63
68 64
69 62
67 63
65 62
64 60
62 61
60 62
58 63
57 65
55 64
57 63
56 65
58 64
60 63
61 65
62 67
64 66
62 65
61 67
62 69
60 70
58 69
56 68
54 69
53 67
52 65
50 66
51 64
49 65
47 64
46 62
44 63
45 61
43 62
44 64
42 63
40 62
41 60
42 58
41 56
40 54
38 53
36 54
34 55
32 56
30 57
28 56
29 54
31 53
30 51
28 50
26 51
25 49
27 50
26 52
24 53
23 51
21 52
20 50
18 49
17 51
19 50
20 52
21 54
19 55
17 54
16 52
14 53
16 54
14 55
15 57
13 56
11 57
12 59
11 61
9 60
8 58
10 57
9 55
8 57
10 56
11 58
9 57
7 58
5 59
4 57
2 58
0 59
1 61
2 59
0 60
1 62
2 64
4 63
3 65
5 64
7 63
8 61
9 63
11 62
9 61
8 63
9 65
8 67
6 68
4 69
5 67
3 68
2 66
1 68
0 70
2 69
0 68
1 70
0 72
1 74
0 76
1 78
3 77
4 75
5 73
6 71
8 70
9 68
7 67
9 66
11 65
13 64
15 63
17 62
18 60
19 62
21 61
23 60
24 58
25 56
27 57
29 56
31 57
33 56
35 55
36 57
38 58
37 60
36 58
34 59
33 61
31 60
29 61
27 60
26 62
24 63
22 64
20 65
21 67
22 65
24 64
25 66
27 65
26 67
28 66
30 65
29 63
31 64
33 63
32 61
34 60
33 62
34 64
36 63
37 61
39 62
38 60
37 62
39 63
37 64
38 66
36 67
34 66
35 68
37 67
39 66
40 68
42 67
40 66
41 68
43 67
44 69
46 68
45 70
44 72
46 71
48 70
47 72
49 71
51 70
52 72
54 73
52 74
53 72
54 70
56 69
58 70
57 72
59 73
57 74
58 72
60 73
61 75
62 73
64 72
65 70
67 69
69 70
71 69
73 68
75 67
74 69
72 68
74 67
75 65
77 64
79 65
80 67
81 69
79 70
80 68
78 69
79 71
80 69
78 70
76 71
74 72
75 74
76 72
74 73
72 72
70 73
68 74
67 76
68 78
70 77
72 76
74 75
73 77
74 79
72 80
70 81
68 80
67 78
66 76
68 77
67 75
69 74
67 73
65 72
63 73
62 75
60 76
58 77
57 75
55 74
57 73
56 75
55 77
53 78
52 76
51 78
53 77
55 78
56 80
58 81
60 80
62 79
64 78
63 80
61 79
59 80
58 82
56 81
54 82
53 80
52 78
50 79
48 78
46 77
48 76
47 74
46 76
44 75
43 73
41 74
42 72
40 71
38 72
37 70
36 68
34 67
32 68
31 70
30 68
28 69
26 70
25 68
23 69
21 68
19 69
20 67
18 68
17 66
16 68
15 70
17 69
15 68
14 70
12 71
11 73
9 74
8 76
6 77
5 75
6 73
8 74
10 73
9 71
8 73
6 72
8 71
9 73
8 75
7 77
8 79
10 78
12 77
14 76
15 78
16 76
18 75
20 74
22 73
24 72
23 70
22 72
20 73
22 74
23 72
21 73
19 74
18 76
19 78
18 80
16 79
18 78
17 80
19 79
18 81
19 83
21 82
23 81
25 80
27 79
29 78
30 76
31 74
29 73
31 72
32 70
33 72
34 74
35 72
37 71
39 72
38 74
39 76
41 75
40 77
39 79
41 78
39 77
40 79
39 81
37 82
36 80
34 79
36 78
34 77
33 79
31 80
29 79
27 80
25 81
27 82
26 84
28 83
27 85
29 84
31 83
33 82
34 80
36 79
37 81
39 80
38 82
39 84
37 83
35 84
36 82
34 83
35 85
34 87
36 88
35 86
33 87
31 88
29 87
27 88
25 89
24 87
23 85
21 86
19 85
18 83
17 85
16 83
14 82
12 81
10 82
9 84
8 82
10 81
12 80
11 82
10 84
9 82
8 84
7 82
5 81
3 82
1 83
0 85
1 87
3 86
5 85
6 87
4 86
5 84
3 85
5 86
6 88
4 89
2 90
0 91
1 93
2 91
0 92
2 93
0 94
1 96
3 97
5 96
6 94
7 92
9 91
11 90
12 88
13 90
15 89
17 88
18 86
16 85
14 86
15 88
17 89
18 91
20 90
19 92
20 94
19 96
18 98
16 97
18 96
20 95
22 94
24 93
25 91
26 93
27 91
25 92
23 93
25 94
24 96
22 97
21 99
20 101
22 100
23 102
25 101
27 100
29 99
30 97
31 95
32 93
33 91
31 92
32 94
33 92
35 91
37 92
38 90
40 89
41 87
43 86
42 84
44 83
46 82
47 84
49 83
50 81
51 83
49 84
47 85
45 86
43 87
41 88
42 86
43 84
44 86
46 85
48 84
50 83
52 84
51 86
53 85
55 86
57 85
58 83
59 85
57 86
58 88
56 89
55 91
53 90
55 89
53 88
52 86
50 87
48 88
46 89
44 90
45 92
46 90
44 91
42 92
40 93
39 95
38 93
37 95
39 96
37 97
38 99
36 98
37 100
39 99
38 101
37 103
39 102
38 100
40 99
42 100
43 98
44 100
46 99
48 98
47 96
48 94
50 95
52 94
51 92
50 94
48 95
50 96
49 98
51 99
53 98
54 96
55 94
57 93
59 92
61 91
60 93
59 91
61 90
60 88
62 87
64 86
66 85
68 84
66 83
65 85
67 84
66 86
64 85
63 87
65 86
66 88
65 90
64 92
66 91
68 90
66 89
68 88
69 90
71 89
72 91
74 90
76 89
78 88
79 86
80 84
81 82
83 81
85 80
86 78
88 77
90 76
92 75
94 74
93 72
95 71
93 70
95 69
96 67
97 65
98 67
99 69
100 67
101 69
103 68
104 66
105 68
107 67
106 69
105 71
107 70
106 72
104 71
102 72
101 74
100 72
99 74
101 73
99 72
98 74
99 76
97 77
95 78
96 80
97 78
95 77
94 75
92 76
90 77
91 75
90 73
88 72
87 70
85 71
83 72
84 70
85 68
83 69
84 71
82 72
81 74
79 73
78 75
77 77
79 76
78 78
80 77
79 79
78 81
77 79
76 81
74 82
72 81
70 82
69 84
70 86
71 88
73 87
75 86
76 88
75 90
77 89
78 91
79 89
81 88
82 86
83 88
85 87
86 85
88 84
89 82
91 81
92 79
93 81
91 82
89 81
88 83
89 85
91 84
93 85
95 84
97 83
99 82
101 81
102 83
103 81
105 80
107 79
108 77
110 76
112 75
113 73
115 72
117 73
118 71
120 70
121 68
123 67
124 69
125 71
127 70
126 72
125 70
124 72
122 73
120 74
118 73
119 75
121 74
122 76
121 78
120 80
121 82
123 81
125 80
127 79
129 78
130 76
128 75
129 77
131 76
133 75
135 74
137 73
138 75
137 77
136 79
138 78
140 77
142 76
144 75
142 74
141 76
140 78
138 77
136 78
135 80
133 79
131 80
129 79
130 81
132 80
133 82
131 81
130 83
128 84
127 82
125 83
123 84
121 83
120 81
121 79
119 80
117 79
116 81
114 82
112 81
113 79
114 81
116 80
115 82
114 84
113 82
111 81
110 83
109 81
108 79
109 77
110 75
108 76
106 75
105 77
104 75
103 77
101 78
102 80
100 81
98 82
97 84
98 86
97 88
99 87
101 86
102 84
103 86
105 85
107 84
109 83
108 85
107 83
109 84
107 85
109 86
108 88
110 87
112 86
114 85
116 86
118 85
119 87
117 86
116 88
114 89
113 91
114 93
116 92
118 91
120 90
122 89
124 88
126 87
128 86
129 88
131 87
133 86
134 88
136 87
134 86
136 85
138 84
136 83
138 82
140 81
142 80
144 79
145 81
147 80
149 79
147 78
148 76
150 75
151 77
150 79
151 81
153 80
151 79
152 77
153 75
151 76
153 77
154 75
156 74
157 72
159 71
161 72
163 71
162 69
160 68
159 70
161 69
160 71
161 73
163 72
165 71
166 73
168 74
167 76
165 77
164 75
162 76
160 77
159 75
157 74
155 75
156 73
154 72
156 71
157 73
156 75
157 77
156 79
154 80
155 82
156 80
157 78
159 77
160 79
161 77
162 79
160 80
159 82
158 84
160 83
158 82
157 84
155 83
153 84
151 85
149 84
147 83
146 81
144 82
142 81
143 83
141 84
140 86
138 87
136 86
134 85
132 86
131 88
132 90
130 91
128 92
126 91
124 92
122 93
120 94
121 96
119 95
118 97
120 96
119 98
121 97
123 96
125 95
124 97
126 96
128 95
130 94
132 93
134 92
136 91
138 92
140 91
142 90
141 92
140 90
138 89
137 91
138 93
140 92
141 90
143 89
145 88
146 90
147 88
149 89
151 88
153 87
152 89
154 88
156 87
155 89
157 88
159 87
161 86
163 85
164 83
166 82
168 81
170 80
172 79
174 78
173 76
175 75
177 74
178 72
179 74
181 75
180 77
182 76
184 77
183 79
185 78
187 79
189 78
188 76
190 75
192 74
191 76
193 77
195 76
194 78
196 77
195 79
197 78
198 80
197 82
195 81
196 83
197 81
195 82
194 80
192 81
193 79
191 80
189 79
187 80
188 82
186 83
184 82
183 80
181 81
179 80
177 79
176 81
174 82
173 84
172 82
174 81
172 80
174 79
175 81
177 82
176 84
178 83
180 84
181 82
182 84
180 85
181 83
179 84
180 86
181 84
183 85
184 87
183 89
185 88
184 86
186 85
187 83
188 85
189 87
191 86
193 85
195 84
194 86
196 85
197 87
196 89
194 88
193 86
191 85
190 87
189 89
188 91
187 93
186 95
185 93
187 92
188 90
186 89
184 88
183 90
181 89
179 90
177 91
178 89
177 87
175 88
176 86
174 87
173 85
171 86
169 85
167 86
168 84
167 82
168 80
166 81
168 82
169 80
167 81
165 82
163 83
164 85
162 86
163 88
161 89
163 90
161 91
159 92
160 90
158 91
156 92
157 94
158 92
159 94
157 95
155 96
154 94
155 92
153 93
151 94
152 92
150 93
151 95
149 94
151 93
149 92
147 91
148 93
146 92
145 94
144 96
143 94
145 93
144 95
143 97
145 96
147 97
148 99
150 98
149 100
151 99
153 98
155 97
157 96
159 97
161 96
162 94
164 95
166 94
168 93
169 91
171 90
169 89
171 88
170 90
172 89
174 88
173 90
171 89
169 90
168 92
166 93
165 95
164 97
165 99
167 98
169 97
168 99
170 98
169 96
171 97
173 96
175 95
174 93
173 95
175 96
177 95
179 94
181 93
180 95
179 93
181 92
180 94
182 93
183 95
184 97
186 96
185 98
184 100
182 99
180 100
179 98
177 99
175 98
176 100
174 99
172 100
170 101
171 99
173 100
171 101
169 102
167 103
165 102
164 100
162 99
160 100
159 98
157 99
155 98
156 100
154 101
152 102
150 103
151 105
152 103
154 102
155 104
154 106
156 105
158 104
160 103
158 102
157 104
159 103
158 105
160 104
161 106
163 105
165 106
164 108
166 107
168 106
170 105
169 107
167 106
165 107
164 105
162 106
160 107
158 108
157 110
156 108
155 106
154 108
153 110
151 109
149 108
151 107
150 105
149 107
148 105
147 103
149 102
148 100
147 102
145 103
144 101
143 99
141 100
139 99
140 97
138 96
140 95
139 97
138 95
137 97
135 96
134 98
133 96
132 94
130 95
128 96
129 98
130 100
128 99
126 100
124 101
122 102
123 100
124 102
126 101
124 100
123 102
122 104
120 105
118 104
117 102
119 101
118 103
119 105
118 107
116 108
117 110
115 109
117 108
115 107
114 105
113 103
115 102
114 100
116 99
115 97
114 95
115 93
117 92
118 94
116 93
114 94
112 95
111 93
110 91
108 92
107 94
106 92
105 90
107 89
105 88
104 86
102 87
101 89
99 90
98 88
99 86
97 87
95 88
93 89
91 90
92 88
93 90
91 91
92 89
91 87
93 88
92 90
90 91
88 92
87 90
86 88
88 89
86 90
84 91
82 92
83 90
81 91
79 92
78 94
76 93
75 95
74 93
73 95
75 94
76 96
75 98
73 97
72 95
70 96
69 94
67 95
65 96
66 94
65 92
63 93
61 94
59 93
57 94
55 95
57 96
58 98
60 97
59 99
61 98
60 100
62 99
61 101
63 100
65 99
67 98
69 97
70 99
71 101
73 100
75 99
74 101
76 102
78 101
80 100
82 99
84 98
86 97
85 95
84 97
86 98
88 97
89 95
91 94
93 93
95 92
94 94
96 93
95 95
94 93
96 92
98 93
99 91
101 92
99 93
100 95
101 93
103 94
104 96
103 98
104 100
105 102
107 101
105 100
103 99
101 98
103 97
104 95
106 94
107 96
108 98
107 100
109 99
110 101
111 99
113 100
114 102
112 103
110 104
108 105
106 106
104 107
103 105
102 103
101 101
100 103
98 102
100 101
98 100
99 98
97 97
98 99
96 98
94 99
93 97
91 98
90 100
89 102
91 101
93 100
92 102
90 101
89 103
88 105
86 104
88 103
86 102
84 101
82 102
80 103
81 105
82 103
80 104
78 105
76 104
77 106
75 105
73 104
71 103
72 101
70 102
71 104
69 103
67 102
65 103
63 104
61 103
59 104
60 102
58 103
59 101
57 102
56 100
54 99
53 97
52 99
51 101
49 102
47 103
48 101
46 102
45 100
43 101
42 103
44 104
46 103
45 105
43 104
42 106
41 108
43 109
41 110
40 108
38 109
37 107
35 106
33 107
34 105
35 103
34 101
32 100
30 99
31 97
29 98
27 99
25 100
24 102
23 104
21 105
20 103
19 101
17 102
15 101
13 102
12 100
11 98
13 97
15 96
16 94
15 92
13 93
15 94
16 96
14 97
12 98
13 96
11 95
9 96
8 98
7 100
5 101
3 102
4 100
2 101
3 99
1 100
2 102
1 104
2 106
3 108
5 107
7 106
8 104
9 106
11 105
13 104
12 102
11 104
9 103
7 104
6 106
5 108
7 109
9 108
8 110
10 109
9 111
11 110
13 109
15 108
17 107
18 105
19 107
17 108
15 109
16 111
14 112
13 114
11 115
10 117
8 118
6 117
4 118
5 116
6 114
5 112
3 111
1 112
0 110
2 111
0 112
1 114
0 116
2 115
1 117
3 118
5 117
6 115
8 114
10 115
11 117
12 115
10 114
11 116
13 115
14 117
16 116
18 115
20 114
21 112
23 111
25 110
26 108
28 107
30 106
28 105
27 107
25 108
24 110
22 111
20 112
19 114
18 116
20 115
21 117
20 119
22 118
24 117
26 116
27 114
29 113
31 112
32 110
33 108
31 107
33 106
32 108
31 110
33 109
32 111
34 112
32 113
33 115
34 113
36 112
38 111
39 113
40 111
41 109
43 110
45 109
47 108
45 107
46 109
48 108
49 106
50 108
51 106
53 105
55 104
54 102
56 103
55 105
56 107
57 109
59 108
61 107
63 106
64 108
66 107
67 105
68 107
66 106
64 107
63 105
61 106
63 107
64 109
62 110
63 112
64 110
62 111
60 112
58 113
56 112
57 110
55 111
53 112
52 110
51 108
50 110
52 111
50 112
49 114
48 112
47 114
46 112
44 113
43 115
41 116
39 117
37 116
38 114
36 115
37 117
35 118
36 116
34 115
32 116
31 118
29 119
27 120
28 118
29 116
27 117
26 115
24 116
22 117
20 118
18 119
17 121
16 119
15 117
14 119
12 120
11 118
10 120
8 119
6 120
5 118
3 119
2 121
0 122
1 124
2 122
3 124
1 125
0 127
1 129
0 131
2 130
4 129
6 128
8 129
9 127
11 126
13 125
14 123
15 125
17 124
19 123
21 122
23 121
25 120
27 119
26 121
28 120
27 122
28 124
30 123
31 121
33 120
35 119
34 121
33 123
35 122
33 121
34 123
33 125
32 127
34 126
36 125
38 124
40 123
41 121
39 120
40 122
42 121
43 119
45 118
47 117
46 119
48 118
50 117
51 119
52 117
54 116
56 117
55 115
53 116
55 117
54 115
56 116
58 115
57 113
59 112
58 114
60 113
62 112
63 114
62 116
60 117
59 119
57 120
56 118
55 120
53 121
52 119
50 120
48 121
46 122
44 123
45 125
46 123
48 122
50 123
52 122
54 121
56 120
57 122
56 124
58 123
60 122
62 121
63 123
64 121
65 119
67 118
68 116
70 115
72 114
71 116
73 115
75 114
77 113
79 112
81 111
83 110
85 109
86 107
88 106
89 108
91 107
89 106
91 105
92 107
93 109
94 107
96 106
98 105
99 107
100 105
98 106
100 107
98 108
96 109
94 110
95 112
93 111
92 113
91 111
89 110
87 111
88 109
86 108
88 107
89 109
88 111
87 113
89 114
87 115
85 116
84 114
82 115
83 113
82 111
83 109
81 108
79 109
78 107
80 108
78 109
79 111
77 112
75 111
76 113
75 115
76 117
78 116
80 115
82 114
84 113
85 115
84 117
86 116
85 118
87 119
89 118
88 120
87 122
89 121
87 120
89 119
91 118
93 117
95 116
97 115
99 114
101 113
103 112
105 111
107 110
109 109
111 108
110 110
108 109
106 110
104 111
103 113
104 115
102 116
101 118
99 117
101 116
100 118
101 120
100 122
102 121
101 123
100 121
98 122
96 123
95 121
96 119
95 117
93 118
95 119
94 121
92 122
91 124
89 125
87 124
88 126
90 125
91 127
93 126
95 127
96 125
94 126
95 128
93 127
91 128
89 129
87 130
88 128
89 130
91 129
92 131
91 133
93 132
95 131
97 130
99 129
101 128
103 127
105 126
107 125
109 124
110 122
112 121
114 120
116 119
114 118
116 117
117 115
119 114
121 113
123 112
124 110
126 109
125 107
127 106
129 105
130 103
132 102
131 100
133 99
134 97
135 99
136 101
138 100
137 102
136 100
135 102
137 101
138 103
137 105
135 104
133 105
134 107
132 106
134 105
135 107
133 106
134 108
132 109
130 108
129 110
128 112
127 110
125 109
124 107
123 109
121 108
120 110
118 111
119 113
121 114
123 113
124 115
123 117
121 116
120 118
122 117
124 116
123 118
122 120
120 121
119 123
118 121
120 120
122 121
123 123
125 122
126 120
127 122
129 121
131 120
132 118
133 120
135 119
137 118
136 116
138 115
139 113
140 111
142 110
144 109
145 107
143 106
144 104
142 105
140 106
139 108
138 106
140 107
138 108
137 110
135 111
133 112
132 110
131 112
129 113
128 115
130 116
128 117
129 115
127 116
128 114
129 116
131 117
132 119
130 120
129 122
130 124
129 126
127 127
129 128
130 126
131 124
132 126
133 124
135 123
133 122
134 124
136 123
138 122
140 121
139 123
138 121
137 119
139 118
141 117
139 116
141 115
143 114
145 113
144 115
146 114
148 113
149 111
151 110
153 109
154 111
152 110
153 112
154 110
155 112
157 111
156 113
155 115
153 114
152 116
154 115
153 117
155 116
153 115
152 117
150 116
148 117
149 119
147 118
145 119
144 117
142 118
141 120
143 121
145 120
144 122
143 124
145 123
147 122
149 121
150 119
152 120
153 122
154 120
156 119
157 121
159 120
161 119
163 118
165 117
164 115
163 117
162 115
161 113
159 114
160 112
161 110
163 109
165 108
164 110
166 111
164 112
165 114
166 112
168 111
170 110
172 109
173 107
175 106
174 104
173 106
175 105
177 104
178 102
179 104
181 103
180 105
178 104
179 106
180 104
182 103
183 105
182 107
184 106
186 105
187 103
189 102
188 100
189 98
190 96
192 95
194 94
195 92
197 93
199 94
198 92
197 94
196 96
194 97
193 99
194 101
192 102
190 103
188 102
187 104
189 103
190 105
191 107
189 106
187 105
188 107
190 106
191 108
193 107
195 106
194 104
193 102
194 100
193 98
195 97
197 96
198 98
199 96
197 97
198 99
197 101
198 103
199 105
197 104
199 103
197 102
198 104
199 106
198 108
196 107
197 109
196 111
194 110
193 112
195 111
193 110
192 112
190 113
188 112
186 111
188 110
189 112
190 114
188 115
187 117
186 115
184 114
185 112
186 110
184 109
182 108
180 107
179 109
177 110
175 109
174 111
173 109
171 110
169 111
170 113
169 115
171 114
170 116
168 115
169 117
170 119
172 118
174 117
176 116
178 115
180 114
181 112
182 114
180 113
181 111
179 110
177 111
176 113
177 115
179 114
178 116
179 118
181 117
180 119
179 121
177 120
179 119
180 121
181 123
183 122
184 120
185 122
186 120
187 122
189 121
191 120
193 119
191 118
193 117
194 119
196 118
198 117
199 115
197 114
195 115
193 116
191 117
193 118
194 120
193 122
191 123
190 125
191 127
193 126
195 125
197 124
199 125
198 123
197 125
195 124
193 125
191 124
189 125
190 127
189 129
191 128
193 127
194 129
196 128
195 130
197 129
198 131
197 133
199 132
198 134
199 136
197 135
198 133
196 134
194 133
192 132
193 130
191 131
189 130
187 129
186 127
187 125
185 126
183 125
182 123
180 124
179 126
177 125
176 123
177 121
176 119
174 120
172 121
171 119
169 120
167 119
165 120
163 119
164 121
166 120
165 122
164 124
163 122
162 124
164 123
165 125
167 126
168 124
169 122
170 124
172 123
171 125
169 124
168 126
169 128
167 129
165 128
164 126
162 127
161 125
159 124
158 126
156 127
154 126
155 124
156 122
158 121
156 120
157 122
156 124
157 126
159 125
158 127
159 129
157 130
155 131
154 129
152 130
151 128
152 126
150 127
151 125
149 126
147 125
145 126
144 124
143 126
142 124
141 126
139 125
138 127
137 129
135 128
133 127
134 129
132 130
130 129
131 131
133 130
132 132
131 130
129 129
127 128
126 130
124 129
123 127
121 126
119 125
117 126
118 124
116 123
114 124
112 125
110 124
111 122
112 120
111 118
112 116
111 114
112 112
110 113
108 114
107 116
108 118
106 117
107 119
106 121
105 123
106 125
108 124
110 125
109 127
107 128
106 130
105 132
107 131
106 129
108 128
110 127
111 129
113 128
112 130
111 132
113 131
112 129
114 128
116 127
118 126
119 124
121 125
122 127
124 126
123 128
121 127
120 129
118 130
119 132
117 133
118 131
116 132
117 134
115 135
113 134
112 132
110 133
109 135
107 134
105 133
103 132
101 133
102 131
100 132
98 133
96 134
95 132
97 133
96 135
94 136
92 137
90 136
88 135
89 133
87 132
86 130
85 128
84 126
85 124
83 125
84 123
83 121
84 119
82 120
80 121
78 120
76 119
77 117
78 119
76 120
74 121
73 119
71 118
70 116
68 115
67 113
69 112
67 111
66 113
67 115
65 116
63 115
61 116
60 118
62 119
61 121
60 123
62 124
64 123
65 121
67 122
69 121
71 122
72 124
74 123
75 125
77 124
78 126
76 125
78 124
79 126
77 125
75 124
74 122
72 123
71 125
69 124
68 122
67 124
66 126
65 128
67 127
65 126
64 128
66 127
65 129
64 131
62 130
64 129
65 127
67 126
69 127
70 129
72 128
74 129
76 128
75 130
77 129
76 131
75 129
73 128
71 129
69 130
67 131
65 132
66 134
64 133
62 134
60 133
59 131
61 130
59 129
60 127
58 126
57 124
56 126
54 127
52 126
50 125
48 126
46 125
44 126
42 125
40 124
38 125
39 127
37 128
35 129
33 130
31 131
32 129
33 127
31 128
32 126
30 127
28 126
29 124
27 125
25 124
26 126
28 125
27 127
26 129
25 127
23 128
21 129
19 130
17 131
16 129
17 127
16 125
14 126
13 128
12 126
10 127
8 126
6 127
4 128
2 129
1 131
0 133
1 135
3 134
4 132
5 134
7 133
8 131
9 133
11 132
13 131
14 129
16 130
14 131
13 129
12 131
14 132
16 131
17 133
18 135
20 134
22 133
24 132
26 131
25 133
27 132
29 131
27 130
26 132
28 131
30 132
32 131
33 133
34 135
36 134
38 133
39 131
41 130
42 132
43 130
44 128
45 130
47 129
46 131
48 130
50 129
51 131
52 133
54 132
56 131
55 133
57 134
55 135
54 137
55 139
53 138
52 140
54 139
53 141
55 140
54 138
55 136
56 134
58 135
60 134
59 136
60 138
62 137
64 136
66 135
68 134
70 133
69 135
67 134
69 133
71 132
73 133
72 135
71 137
73 136
72 138
71 140
69 139
67 138
69 137
68 139
70 140
71 142
72 140
73 142
74 140
76 139
78 138
80 137
81 135
83 134
84 132
83 130
84 128
82 129
80 130
81 128
82 130
83 132
82 134
80 135
79 137
77 138
76 140
77 142
79 141
81 140
83 139
84 137
86 138
87 136
85 137
86 135
88 136
90 137
92 136
94 137
96 136
97 138
96 140
94 139
92 140
90 139
89 141
91 140
90 142
92 141
90 140
89 142
87 141
85 142
84 140
83 142
85 141
84 143
85 145
87 144
86 146
88 145
89 147
91 146
92 144
94 143
95 145
97 144
99 143
101 142
103 141
104 139
106 138
105 136
107 135
106 137
105 139
104 141
103 139
102 141
100 142
99 144
97 143
99 142
101 141
103 142
104 144
106 143
105 145
104 147
102 146
104 145
103 147
101 146
99 147
97 148
95 149
93 150
92 152
91 154
90 152
92 151
94 150
95 148
97 149
99 148
101 149
102 151
100 152
101 150
99 151
97 152
95 153
94 155
93 157
95 156
97 155
99 156
101 155
102 157
103 155
104 153
106 152
105 150
107 151
109 150
111 149
113 148
115 147
117 146
116 144
117 142
119 141
121 140
123 139
125 138
126 136
125 134
124 132
123 130
122 132
121 134
120 136
122 135
121 137
120 135
119 137
117 138
115 139
113 138
112 140
111 142
110 140
112 139
114 138
115 136
117 137
115 138
117 139
118 141
116 142
115 144
114 142
112 143
111 145
110 143
112 142
111 144
110 146
112 145
113 147
112 149
113 151
112 153
114 152
116 151
117 153
119 152
120 150
119 148
121 147
123 146
124 144
126 143
128 142
130 141
132 140
131 138
133 137
134 135
136 134
138 133
137 131
136 133
138 132
140 131
141 133
143 132
144 130
146 131
148 130
147 128
146 130
144 131
146 132
145 134
143 135
142 133
141 135
139 136
137 137
136 139
134 138
136 137
138 136
137 138
139 137
141 138
143 137
142 139
143 141
145 140
147 139
149 138
150 136
152 135
151 133
152 131
154 130
152 129
151 131
150 133
148 134
146 135
145 137
143 138
145 139
144 141
145 143
147 142
149 141
150 139
152 138
154 137
156 136
157 134
158 136
160 135
158 134
160 133
161 131
163 130
165 129
164 131
163 133
165 132
164 134
166 133
168 132
167 134
169 135
171 134
172 132
174 131
176 130
178 129
179 127
177 126
179 125
180 127
178 126
176 125
174 126
173 128
174 130
173 132
175 131
176 133
174 132
175 130
177 129
179 130
180 132
178 133
176 134
174 135
175 137
176 135
174 136
172 137
171 135
169 136
168 138
166 137
164 136
162 137
163 135
161 136
162 138
161 140
159 139
161 138
160 140
162 139
161 141
159 140
157 139
156 141
155 143
154 145
152 144
150 145
151 143
152 141
150 142
151 144
150 146
148 147
147 149
146 147
145 145
143 146
141 145
139 144
140 142
138 141
139 143
137 144
135 145
134 143
136 144
135 142
134 144
132 143
130 144
128 145
126 144
124 145
123 143
125 144
123 145
121 146
120 148
118 147
119 149
117 150
115 151
117 152
116 150
114 151
112 152
111 154
109 155
108 157
107 155
109 154
107 153
106 155
107 157
106 159
105 161
104 159
103 157
104 155
102 156
100 155
99 157
97 158
96 160
95 162
97 161
95 160
93 159
91 160
89 161
87 160
88 158
90 157
91 159
93 160
91 161
89 162
87 163
88 161
86 160
84 161
82 162
81 160
82 158
83 156
84 154
85 152
84 150
86 149
84 148
85 146
83 147
81 146
79 145
78 147
77 145
79 144
78 146
77 148
75 147
73 148
72 146
71 144
69 145
70 143
68 142
69 140
67 139
65 140
66 142
65 144
64 146
66 145
64 144
62 143
61 141
60 139
62 138
64 139
65 141
67 142
66 144
64 145
62 144
61 142
59 143
61 144
60 146
59 148
58 146
60 147
58 148
59 146
57 145
55 146
53 145
51 144
50 142
49 140
50 138
51 136
52 134
51 132
50 130
48 129
50 128
51 130
52 132
51 134
50 136
49 138
48 140
46 139
45 137
43 138
44 136
45 138
43 137
45 136
46 138
47 140
49 141
50 143
48 144
46 143
45 145
47 144
45 143
44 141
42 142
40 141
39 139
40 137
38 136
36 135
38 134
36 133
35 135
33 134
31 135
32 137
30 136
28 135
26 136
24 137
22 136
23 138
21 139
19 138
18 136
17 134
15 135
13 136
14 134
12 135
13 137
14 135
12 136
10 137
8 136
6 137
7 139
8 137
6 138
7 140
8 142
9 144
10 142
12 141
14 140
16 139
18 138
20 139
21 141
22 139
23 137
24 139
25 141
27 140
29 139
28 141
30 140
32 139
34 140
33 142
35 141
34 139
36 140
34 141
33 143
35 144
37 143
36 145
38 144
37 146
39 145
40 147
42 146
43 148
45 147
44 149
43 151
41 152
40 154
38 153
37 151
38 149
36 150
35 148
33 147
35 146
34 148
33 146
32 148
30 149
29 147
28 145
30 144
29 146
27 145
29 144
28 146
27 144
25 145
23 144
22 142
24 141
23 143
21 142
19 143
18 141
16 140
14 141
15 139
13 140
11 141
10 139
8 140
6 139
7 141
5 142
4 144
2 145
1 143
0 145
2 146
0 147
1 149
0 151
1 153
3 152
5 151
6 149
8 148
6 147
5 149
7 148
9 147
11 146
13 145
15 144
14 146
16 145
18 144
16 143
15 145
13 146
14 148
12 149
10 150
8 151
6 152
5 154
3 155
1 156
2 158
0 159
1 157
2 159
4 158
6 157
8 158
10 157
12 156
14 155
16 154
18 153
20 152
22 151
24 150
26 149
25 151
23 150
25 149
24 151
25 153
24 155
22 154
20 153
18 152
16 153
14 152
15 154
17 153
16 155
18 156
17 158
19 157
20 159
22 158
24 157
26 158
28 157
30 156
32 155
30 154
32 153
31 155
33 156
35 155
37 154
38 156
40 155
41 153
43 152
44 154
46 153
44 152
43 150
42 152
41 154
40 156
38 157
36 158
34 159
32 160
30 159
28 158
26 159
24 160
25 158
24 156
22 155
20 156
18 157
16 158
15 160
13 159
11 160
10 158
8 159
7 161
5 162
3 163
2 161
1 163
3 162
2 164
1 166
0 168
2 167
4 166
6 165
7 167
9 166
7 165
8 167
9 165
10 167
12 166
14 165
16 164
14 163
15 165
17 164
19 163
20 161
21 163
19 162
18 164
16 165
17 167
15 168
14 170
12 171
10 170
9 172
11 171
10 169
9 171
7 172
6 170
7 168
5 169
6 171
4 172
2 171
0 170
1 172
3 171
4 173
6 172
7 174
8 176
9 174
10 176
12 175
14 174
16 173
17 171
19 170
21 169
23 168
24 166
26 165
25 163
27 162
29 163
28 165
30 164
32 163
30 162
32 161
33 163
35 162
37 161
36 159
38 158
40 159
42 158
44 157
43 159
44 161
42 162
40 161
38 162
39 164
40 162
38 161
40 160
42 159
44 158
46 157
48 156
50 155
52 154
50 153
52 152
54 151
55 149
53 148
55 147
54 149
52 148
50 149
49 147
48 149
50 150
49 152
50 154
48 155
50 156
48 157
49 159
47 160
45 161
43 162
42 164
40 165
38 164
36 165
37 167
35 166
33 167
32 169
30 170
28 169
26 170
27 168
28 170
30 169
32 170
33 168
35 169
36 167
37 169
38 167
40 168
42 167
43 165
45 164
47 163
46 165
48 164
50 163
51 161
53 160
52 158
54 157
55 155
56 153
58 152
60 151
61 153
63 152
65 151
64 153
66 152
68 151
66 150
67 148
68 150
70 149
72 148
73 150
72 152
74 151
73 153
72 155
74 154
76 153
77 151
79 150
81 149
80 151
79 153
77 154
79 155
77 156
75 157
74 159
72 158
74 157
73 155
72 157
71 159
70 161
68 160
67 162
69 161
67 160
65 159
64 157
62 156
61 154
60 152
58 151
57 153
56 155
54 156
55 158
56 160
57 158
58 160
56 159
58 158
57 160
59 161
58 163
60 162
62 161
64 160
63 162
62 164
60 165
58 166
56 167
54 166
55 164
53 163
51 164
52 166
51 168
49 167
47 168
45 169
43 168
42 170
40 169
38 170
37 172
35 173
33 174
32 172
31 174
30 172
29 170
28 172
26 173
25 171
23 172
21 173
20 175
18 176
17 174
16 172
14 171
12 172
13 174
12 176
13 178
12 180
14 179
16 178
15 180
17 179
18 181
19 179
21 180
22 178
23 176
21 175
22 173
23 175
25 176
23 177
22 179
21 181
20 183
21 185
23 186
24 184
25 182
23 183
24 181
25 183
27 182
28 180
29 178
31 177
33 176
34 174
35 176
36 178
38 177
39 175
40 173
38 172
39 174
38 176
36 177
35 179
34 181
36 180
35 182
37 181
39 180
41 179
42 177
44 176
46 175
48 174
50 173
48 172
50 171
51 173
52 171
54 170
56 169
57 167
59 166
60 168
62 167
64 166
66 165
67 167
68 169
70 168
72 167
74 166
75 164
74 162
72 163
71 161
73 162
72 164
74 165
72 166
70 167
68 168
67 170
65 169
66 171
67 169
65 170
63 171
61 172
59 173
60 171
59 169
57 170
56 168
54 169
53 171
52 173
53 175
51 174
50 176
48 177
46 176
44 177
42 178
40 179
42 180
41 182
43 181
42 183
41 185
39 184
37 185
35 186
33 187
31 186
32 184
33 186
35 185
37 186
39 185
41 186
40 188
42 189
44 188
45 186
47 185
49 184
51 183
50 181
52 180
53 178
55 177
57 176
59 175
61 176
60 178
61 180
59 179
57 180
55 181
53 180
54 178
52 179
53 177
55 178
57 177
59 178
58 180
56 181
55 183
54 185
53 183
51 184
53 185
51 186
49 187
47 186
45 187
44 189
42 190
40 191
39 189
37 190
35 191
36 189
34 190
33 188
32 190
30 191
28 190
26 189
27 187
25 188
23 189
21 188
20 190
19 192
21 191
23 190
24 192
23 194
25 193
24 195
26 194
25 192
27 193
29 194
27 195
28 197
26 198
24 197
23 195
21 194
19 193
20 191
18 192
17 190
18 188
17 186
16 184
18 183
17 185
16 183
14 184
12 183
11 181
12 179
10 178
8 179
9 181
7 182
5 183
6 181
4 182
3 180
1 179
0 181
2 180
1 178
2 176
0 175
1 177
2 179
3 181
4 183
3 185
2 187
4 186
2 185
1 187
2 189
0 190
1 192
3 193
4 191
2 192
3 190
2 188
4 189
6 188
8 187
10 186
9 184
8 186
7 188
9 187
10 189
9 191
11 190
13 189
14 191
15 193
13 194
14 192
13 190
11 189
10 191
8 192
7 194
8 196
6 195
8 194
7 196
6 198
Expanded Nodes: 8853
