102 199
104 198
106 197
108 196
109 194
108 192
110 191
111 189
113 188
114 186
115 184
116 182
117 180
118 178
119 176
120 174
121 172
122 170
124 169
126 168
128 167
130 166
132 165
134 164
136 163
138 162
140 161
142 160
144 159
146 158
148 157
150 156
152 155
154 154
156 153
158 152
160 151
162 150
164 149
166 148
168 147
170 146
172 145
174 144
176 143
178 142
180 141
182 140
184 139
186 138
188 137
190 136
192 135
194 134
196 133
198 132
199 130
198 128
199 126
198 124
199 122
198 120
199 118
198 116
199 114
198 112
199 110
198 108
199 106
198 104
199 102
198 100
199 98
198 96
199 94
198 92
199 90
198 88
199 86
198 84
199 82
198 80
199 78
198 76
199 74
198 72
199 70
198 68
199 66
198 64
199 62
198 60
199 58
198 56
199 54
198 52
199 50
198 48
199 46
198 44
199 42
198 40
199 38
198 36
199 34
198 32
199 30
198 28
199 26
198 24
199 22
198 20
199 18
198 16
199 14
198 12
199 10
198 8
199 6
198 4
199 2
198 0
196 1
194 0
192 1
190 0
188 1
186 0
184 1
182 0
180 1
178 0
176 1
174 0
172 1
170 0
168 1
166 0
164 1
162 0
160 1
158 0
156 1
154 0
152 1
150 0
148 1
146 0
144 1
142 0
140 1
138 0
136 1
134 0
132 1
130 0
128 1
126 0
124 1
122 0
120 1
118 0
116 1
114 0
112 1
110 0
108 1
106 0
104 1
102 0
100 1
98 0
96 1
94 0
92 1
90 0
88 1
86 0
84 1
82 0
80 1
78 0
76 1
74 0
72 1
70 0
68 1
66 0
64 1
62 0
60 1
58 0
56 1
54 0
52 1
50 0
48 1
46 0
44 1
42 0
40 1
38 0
36 1
34 0
32 1
30 0
28 1
26 0
24 1
22 0
20 1
18 0
16 1
14 0
12 1
10 0
8 1
6 0
4 1
2 0
0 1
1 3
2 1
4 0
6 1
8 0
10 1
12 0
14 1
16 0
18 1
20 0
22 1
24 0
26 1
28 0
30 1
32 0
34 1
36 0
38 1
40 0
42 1
44 0
46 1
48 0
50 1
52 0
54 1
56 0
58 1
60 0
62 1
64 0
66 1
68 0
70 1
72 0
74 1
76 0
78 1
80 0
82 1
84 0
86 1
88 0
90 1
92 0
94 1
96 0
98 1
100 0
102 1
104 0
106 1
108 0
110 1
112 0
114 1
116 0
118 1
120 0
122 1
124 0
126 1
128 0
130 1
132 0
134 1
136 0
138 1
140 0
142 1
144 0
146 1
148 0
150 1
152 0
154 1
156 0
158 1
160 0
162 1
164 0
166 1
168 0
170 1
172 0
174 1
176 0
178 1
180 0
182 1
184 0
186 1
188 0
190 1
192 0
194 1
196 0
198 1
199 3
197 4
195 5
194 3
195 1
193 0
191 1
189 0
187 1
185 0
183 1
181 0
179 1
177 0
175 1
173 0
171 1
169 0
167 1
165 0
163 1
161 0
159 1
157 0
155 1
153 0
151 1
149 0
147 1
145 0
143 1
141 0
139 1
137 0
135 1
133 0
131 1
129 0
127 1
125 0
123 1
121 0
119 1
117 0
115 1
113 0
111 1
109 0
107 1
105 0
103 1
101 0
99 1
97 0
95 1
93 0
91 1
89 0
87 1
85 0
83 1
81 0
79 1
77 0
75 1
73 0
71 1
69 0
67 1
65 0
63 1
61 0
59 1
57 0
55 1
53 0
51 1
49 0
47 1
45 0
43 1
41 0
39 1
37 0
35 1
33 0
31 1
29 0
27 1
25 0
23 1
21 0
19 1
17 0
15 1
13 0
11 1
9 0
7 1
5 0
3 1
2 3
1 1
0 3
2 4
1 6
0 8
2 7
4 6
6 5
8 4
7 6
9 5
11 4
10 6
12 5
14 4
13 6
15 5
17 4
16 6
18 5
20 4
19 6
21 5
23 4
22 6
24 5
26 4
25 6
27 5
29 4
28 6
30 5
32 4
31 6
33 5
35 4
34 6
36 5
38 4
37 6
39 5
41 4
40 6
42 5
44 4
43 6
45 5
47 4
46 6
48 5
50 4
49 6
51 5
53 4
52 6
54 5
56 4
55 6
57 5
59 4
58 6
60 5
62 4
61 6
63 5
65 4
64 6
66 5
68 4
67 6
69 5
71 4
70 6
72 5
74 4
73 6
75 5
77 4
76 6
78 5
80 4
79 6
81 5
83 4
82 6
84 5
86 4
85 6
87 5
89 4
88 6
90 5
92 4
91 6
90 8
88 9
86 10
85 8
83 9
81 10
82 8
80 9
78 10
79 8
77 9
75 10
76 8
74 9
72 10
73 8
71 9
69 10
70 8
68 9
66 10
67 8
65 9
63 10
64 8
62 9
60 10
61 8
59 9
57 10
58 8
56 9
54 10
55 8
53 9
51 10
52 8
50 9
48 10
49 8
47 9
45 10
46 8
44 9
42 10
43 8
41 9
39 10
40 8
38 9
36 10
37 8
35 9
33 10
34 8
32 9
30 10
31 8
29 9
27 10
28 8
26 9
24 10
25 8
23 9
21 10
22 8
20 9
18 10
19 8
17 9
15 10
16 8
14 9
12 10
13 8
11 9
9 10
10 8
8 9
6 10
7 8
6 6
4 7
2 6
1 8
0 10
1 12
3 11
5 10
4 12
6 11
4 10
3 12
1 11
0 13
2 12
1 14
0 16
2 15
1 17
3 16
5 15
7 14
9 13
8 15
10 14
12 13
11 15
13 14
15 13
14 15
16 14
18 13
17 15
19 14
21 13
20 15
22 14
24 13
23 15
25 14
27 13
26 15
28 14
30 13
29 15
31 14
33 13
32 15
34 14
36 13
35 15
37 14
39 13
38 15
40 14
42 13
41 15
43 14
45 13
44 15
46 14
48 13
47 15
49 14
51 13
50 15
52 14
54 13
53 15
55 14
57 13
56 15
58 14
60 13
59 15
61 14
63 13
62 15
64 14
66 13
65 15
67 14
69 13
68 15
70 14
72 13
71 15
73 14
72 16
71 18
69 19
68 17
66 18
64 19
65 17
63 18
61 19
62 17
60 18
58 19
59 17
57 18
55 19
56 17
54 18
52 19
53 17
51 18
49 19
50 17
48 18
46 19
47 17
45 18
43 19
44 17
42 18
40 19
41 17
39 18
37 19
38 17
36 18
34 19
35 17
33 18
31 19
32 17
30 18
28 19
29 17
27 18
25 19
26 17
24 18
22 19
23 17
21 18
19 19
20 17
18 18
16 19
17 17
15 18
13 19
14 17
12 18
10 19
11 17
9 18
7 19
8 17
6 18
4 19
2 20
0 21
1 19
2 21
4 20
6 19
7 21
6 23
8 22
10 21
9 23
11 22
13 21
12 23
14 22
16 21
15 23
17 22
19 21
18 23
20 22
22 21
21 23
23 22
25 21
24 23
26 22
28 21
27 23
29 22
31 21
30 23
32 22
34 21
33 23
35 22
37 21
36 23
38 22
40 21
39 23
41 22
43 21
42 23
44 22
46 21
45 23
47 22
49 21
48 23
50 22
52 21
51 23
53 22
55 21
54 23
56 22
58 21
57 23
59 22
61 21
60 23
62 22
64 21
63 23
65 22
67 21
69 20
68 18
70 19
68 20
67 22
68 24
66 25
64 26
62 27
63 25
61 26
62 28
63 26
65 25
67 24
66 26
68 25
70 24
72 25
71 27
69 28
67 29
65 30
66 28
67 30
68 28
66 29
64 30
62 29
60 30
61 28
59 29
57 30
55 31
56 33
57 31
59 30
60 32
59 34
61 33
62 35
63 33
64 31
66 30
67 32
66 34
64 33
62 34
60 33
59 35
60 37
62 36
61 38
60 40
62 39
60 38
59 40
57 39
56 41
57 43
59 44
60 46
58 47
56 48
54 49
55 47
53 48
54 46
55 48
53 49
52 51
51 53
53 52
51 51
53 50
52 52
51 54
49 55
48 53
46 52
45 54
43 53
45 52
43 51
42 49
43 47
42 45
43 43
41 44
40 42
39 40
40 38
42 37
43 35
44 33
45 31
46 29
48 28
47 26
45 25
43 26
41 27
42 25
40 26
38 27
39 25
37 26
35 27
36 25
34 26
32 27
33 25
31 26
29 27
30 25
28 26
26 27
27 25
25 26
23 27
24 25
22 26
20 27
21 25
19 26
17 27
18 25
16 26
14 27
15 25
13 26
11 27
12 25
10 26
8 27
9 25
7 26
6 24
4 23
6 22
5 24
7 23
6 25
5 23
3 24
1 25
2 23
0 24
1 26
0 28
1 30
3 29
5 28
4 30
6 29
4 28
6 27
5 29
7 30
6 32
8 31
10 30
9 32
11 31
13 30
11 29
10 31
12 30
14 29
13 31
15 30
17 29
16 31
18 30
20 29
19 31
21 30
23 29
22 31
24 30
26 29
25 31
27 30
29 29
28 31
30 30
32 29
31 31
33 30
35 29
34 31
36 30
38 29
37 31
39 30
41 29
40 31
42 30
41 32
40 34
38 35
37 33
35 34
33 35
34 33
32 34
30 35
31 33
29 34
27 35
28 33
26 34
24 35
25 33
23 34
21 35
22 33
20 34
18 35
19 33
17 34
15 35
16 33
14 34
12 35
13 33
11 34
9 35
7 36
6 34
7 32
5 33
3 34
4 32
2 33
1 31
0 29
2 30
1 32
2 34
0 35
1 37
2 35
0 36
1 38
0 40
1 42
3 41
5 40
7 39
9 38
8 36
9 34
7 35
9 36
10 38
12 37
13 39
15 38
14 40
16 39
18 38
17 40
19 39
21 38
20 40
22 39
24 38
23 40
25 39
27 38
26 40
28 39
30 38
29 40
31 39
33 38
35 37
37 36
39 35
37 34
38 36
40 35
41 37
40 39
38 40
36 41
34 42
35 40
33 39
35 38
36 40
35 42
33 43
31 42
29 43
27 44
26 42
24 43
22 44
23 42
21 43
19 44
20 42
18 43
16 44
17 42
15 43
13 44
14 42
13 40
12 38
10 39
9 41
7 40
9 39
10 41
9 43
7 44
5 43
4 41
2 42
0 41
1 43
0 45
1 47
3 46
4 44
6 43
7 45
9 44
7 43
9 42
10 44
11 46
13 45
12 47
11 49
13 48
15 47
14 49
16 48
18 47
16 46
15 48
17 47
19 46
18 48
20 47
22 46
21 48
23 47
25 46
27 45
29 44
31 43
33 42
35 41
34 43
32 42
30 43
28 44
26 45
25 47
26 49
28 48
30 47
32 46
31 48
33 47
35 46
37 45
36 47
38 46
40 45
38 44
37 46
35 47
33 46
31 47
29 48
27 49
25 50
23 51
21 50
19 51
17 52
18 50
16 51
14 52
12 53
11 51
12 49
10 50
11 48
9 49
7 48
5 49
4 47
3 45
1 46
0 48
1 50
0 52
2 51
4 50
6 49
5 51
4 49
2 50
1 52
0 54
1 56
3 55
5 54
7 53
6 55
8 54
7 56
9 55
11 54
13 53
14 51
16 52
14 53
12 54
13 56
11 57
9 58
7 59
6 57
4 58
3 56
1 55
3 54
2 56
1 58
0 60
1 62
3 61
4 59
5 61
7 60
9 59
11 58
13 57
15 56
17 55
19 54
21 53
23 52
21 51
23 50
25 49
24 51
26 50
28 49
30 48
31 50
30 52
32 51
34 50
33 52
35 51
37 50
39 49
38 51
36 50
38 49
37 51
39 50
41 49
43 48
42 50
43 52
41 53
39 54
37 55
35 54
33 55
31 56
30 54
31 52
29 53
30 51
28 52
26 53
25 55
23 56
21 57
19 58
17 59
15 60
13 61
11 62
9 63
7 64
5 63
4 61
2 62
0 61
1 63
0 65
1 67
3 66
4 64
5 66
7 65
9 64
11 63
13 62
15 61
17 60
19 59
21 58
23 57
25 56
23 55
25 54
27 53
26 55
28 56
27 58
25 59
23 60
21 61
19 62
17 63
15 64
13 65
11 66
9 67
7 66
8 68
10 67
12 66
14 65
16 64
18 63
20 62
22 61
24 60
26 59
28 58
29 60
31 59
33 58
35 57
37 56
39 55
40 57
39 59
37 60
35 61
33 62
31 63
29 62
30 60
32 59
34 58
35 60
37 59
39 58
41 57
43 56
45 55
46 53
48 54
46 55
47 57
48 55
49 57
47 58
45 59
43 60
41 61
39 62
37 63
35 62
36 60
38 59
40 58
42 57
43 59
42 61
40 62
38 63
37 65
35 66
33 65
32 63
31 65
30 63
29 61
27 62
25 63
23 64
21 65
19 66
17 67
15 68
13 69
11 70
9 71
7 72
8 70
9 68
11 67
13 66
15 65
17 64
19 63
21 62
23 61
25 60
26 62
25 64
23 65
21 66
19 67
17 68
15 69
13 70
11 71
12 73
10 74
8 75
7 73
8 71
6 72
5 70
3 69
5 68
4 70
3 72
2 70
0 71
2 72
0 73
1 75
2 73
0 74
1 76
0 78
1 80
3 79
5 78
4 76
3 78
5 77
7 76
9 75
11 74
13 73
15 72
17 71
19 70
21 69
23 68
25 67
27 66
26 68
28 67
30 66
28 65
27 67
25 68
23 69
21 70
19 71
17 72
15 73
13 74
11 73
10 75
12 74
13 76
12 78
14 77
16 76
18 75
20 74
22 73
24 72
26 71
28 70
30 69
32 68
31 70
33 69
35 68
36 66
37 64
39 63
40 65
39 67
37 66
35 67
33 68
31 69
29 70
27 71
25 72
23 73
21 74
19 75
17 76
18 78
16 77
18 76
20 75
22 74
24 73
26 72
28 71
30 70
31 72
30 74
32 73
34 72
36 71
38 70
37 72
35 71
37 70
36 72
37 74
35 75
33 76
31 77
30 75
31 73
29 74
27 75
25 76
23 77
21 78
19 79
18 81
16 80
18 79
20 78
22 77
24 76
26 75
25 77
27 76
29 75
30 77
29 79
31 78
33 77
35 76
37 75
39 74
40 76
38 75
39 77
37 78
35 79
33 80
31 81
29 80
30 78
28 79
26 80
24 81
25 79
23 80
21 81
19 82
18 80
16 81
14 80
13 78
11 79
12 77
10 78
8 79
7 81
5 82
3 83
1 82
0 84
2 83
4 82
6 81
8 80
7 82
5 81
7 80
9 79
8 81
10 82
9 84
11 83
10 85
12 84
14 83
15 81
16 83
14 84
15 86
13 87
11 88
9 89
10 87
9 85
7 84
5 85
3 86
1 87
0 85
2 86
0 87
1 89
2 87
4 86
6 85
7 87
9 86
10 88
12 87
14 86
15 84
16 86
18 85
19 87
21 86
23 85
25 84
27 83
26 85
28 84
26 83
25 85
27 84
29 83
31 82
33 81
35 80
37 79
38 81
37 83
39 82
38 84
37 82
39 81
38 83
37 85
35 86
34 84
32 85
31 83
33 84
31 85
30 87
28 88
26 89
24 88
22 89
21 87
19 86
21 85
20 87
19 89
17 90
15 89
13 90
11 91
10 89
8 90
6 91
7 89
5 90
6 88
4 89
2 90
1 92
0 94
2 93
1 91
0 93
2 92
1 94
0 96
1 98
3 97
5 96
7 95
9 94
11 93
12 91
14 90
16 89
17 91
19 90
20 92
22 91
23 89
25 88
26 90
28 89
30 88
31 90
33 89
35 88
36 86
37 84
38 86
39 88
38 90
40 89
39 87
38 89
37 91
39 90
38 92
37 90
39 89
38 91
37 93
35 94
34 92
33 90
31 91
29 92
27 93
26 91
25 93
23 92
22 90
21 92
19 93
17 92
15 93
14 95
12 94
14 93
13 95
15 94
14 96
13 98
11 97
9 98
7 99
5 100
3 101
1 100
2 98
4 97
6 96
8 95
9 97
7 96
9 95
10 97
9 99
7 100
5 101
6 99
4 100
3 98
1 99
0 101
1 103
0 105
2 104
0 103
1 105
0 107
1 109
3 108
5 107
7 106
9 105
11 104
13 103
15 102
17 101
19 100
21 99
23 98
25 97
27 96
29 95
31 94
29 93
31 92
32 94
34 93
35 95
34 97
32 98
30 99
31 97
32 95
34 94
35 96
34 98
32 97
30 98
28 99
27 97
25 96
27 95
26 97
27 99
25 100
23 99
24 97
22 98
21 96
19 95
17 96
16 98
14 99
15 101
13 100
11 101
9 102
7 103
5 104
3 103
1 104
0 106
1 108
3 107
5 106
4 108
6 107
8 106
10 105
12 104
13 106
15 105
17 104
19 103
21 102
19 101
20 103
22 102
23 104
25 103
27 102
25 101
27 100
29 99
30 101
31 103
33 102
35 101
37 100
39 99
40 97
38 96
40 95
38 94
39 96
40 98
38 99
36 100
35 98
37 99
36 101
38 100
39 102
38 104
40 103
39 105
38 103
40 102
39 104
38 106
36 107
35 105
33 106
31 105
32 103
33 101
31 102
33 103
31 104
29 105
28 103
27 105
25 104
27 103
25 102
24 104
22 105
20 106
19 104
17 105
15 106
13 107
11 108
9 109
7 110
5 111
3 112
1 111
0 113
2 112
4 111
6 110
8 109
10 108
12 107
14 106
13 108
14 110
16 109
18 108
20 107
19 109
17 108
19 107
21 106
20 108
22 109
24 108
23 110
25 109
27 108
29 107
28 109
30 108
29 110
31 109
33 108
32 110
34 109
36 108
35 106
37 107
38 105
39 107
40 109
38 110
36 111
34 112
32 113
30 114
29 112
27 113
28 111
26 112
24 113
22 114
23 112
21 113
22 111
20 112
18 113
19 111
17 112
15 113
14 111
12 112
13 110
11 111
10 109
8 110
6 111
4 112
5 114
3 115
1 116
0 114
2 115
0 116
1 118
2 116
4 115
6 114
8 113
10 112
9 114
11 113
10 115
12 114
11 116
13 115
15 114
17 113
18 115
17 117
19 116
21 115
20 117
22 116
21 118
23 117
25 116
27 115
26 117
28 116
30 115
32 114
34 113
36 112
38 111
40 110
41 112
40 114
42 113
41 115
40 113
38 114
36 115
34 116
32 117
30 116
31 114
29 115
27 116
25 117
26 119
24 120
22 121
20 122
21 120
19 121
20 119
18 120
17 118
15 117
17 116
15 115
16 117
14 118
12 119
10 120
11 118
9 119
10 117
8 118
9 116
7 117
5 118
4 120
2 119
4 118
3 120
5 119
4 121
3 123
1 122
0 124
2 123
1 125
3 124
1 123
0 125
1 127
0 129
2 128
4 127
6 126
8 125
10 124
12 123
14 122
13 124
15 123
14 121
13 123
15 122
16 124
14 123
12 124
10 123
8 122
6 123
7 125
5 126
3 127
1 128
0 130
1 132
3 131
5 130
7 129
9 128
11 127
10 129
12 128
14 127
16 126
15 128
17 127
19 126
21 125
23 124
25 123
27 122
29 121
31 120
32 118
34 117
36 116
37 118
39 117
38 119
40 118
39 120
41 119
43 118
45 117
44 119
46 118
44 117
43 119
45 118
47 119
49 118
48 120
47 122
49 121
48 123
47 121
45 122
43 123
41 122
39 123
38 121
36 122
37 120
35 121
36 119
34 120
32 119
30 120
28 121
26 122
24 123
22 124
20 125
18 126
16 127
14 128
12 127
10 128
8 129
6 130
4 131
2 132
0 131
1 133
3 132
5 131
7 130
9 129
10 131
9 133
11 132
13 131
12 133
14 132
16 131
18 130
20 129
22 128
24 127
26 126
28 125
30 124
32 123
34 122
33 124
35 123
34 125
36 124
35 126
37 125
39 124
41 123
39 122
38 124
40 123
42 122
44 123
43 125
41 126
39 127
37 128
35 129
34 127
32 128
33 126
31 127
30 125
28 126
29 124
28 122
26 123
24 124
22 125
20 126
21 128
19 129
17 130
16 132
17 134
19 133
21 132
23 131
25 130
27 129
26 131
28 130
26 129
28 128
27 130
29 129
31 128
30 130
28 129
26 130
24 131
22 132
20 133
18 134
16 135
14 136
12 135
10 136
9 134
7 133
9 132
8 134
10 133
9 135
8 133
6 134
4 135
2 136
0 137
1 135
2 137
4 136
5 138
7 137
6 139
8 138
7 140
9 139
8 141
10 140
12 139
14 138
15 136
17 135
19 134
21 133
23 132
24 134
26 133
25 135
27 134
29 133
28 135
30 134
32 133
34 132
35 130
37 129
39 128
41 127
43 126
44 128
46 127
48 126
50 125
49 127
48 125
46 126
45 128
43 129
41 130
39 131
37 132
35 131
36 129
34 130
35 132
33 133
34 135
32 134
33 136
35 135
37 134
38 132
40 131
42 130
44 129
46 128
47 130
49 129
48 131
50 130
49 132
48 130
46 131
44 132
42 133
40 134
38 135
37 137
36 135
34 136
32 137
30 138
28 137
26 138
24 139
25 137
24 135
22 136
20 137
18 138
17 140
15 139
17 138
19 137
21 136
23 135
25 134
24 136
25 138
23 139
21 140
20 142
18 141
20 140
22 139
24 138
23 140
25 139
26 141
28 140
30 139
29 141
28 143
30 142
32 141
34 140
33 142
35 141
37 140
39 139
41 138
43 137
45 136
47 135
49 134
48 136
50 135
49 137
51 136
50 138
49 140
51 139
50 141
52 140
51 142
50 140
48 141
46 140
44 141
45 139
44 137
45 135
44 133
42 134
40 135
41 137
40 139
38 140
39 142
37 141
39 140
41 139
42 141
44 140
46 139
45 141
44 143
43 141
41 142
39 143
37 144
35 145
33 144
31 145
29 146
28 144
26 143
24 144
25 142
23 143
24 145
22 144
24 143
23 145
22 147
24 146
23 148
21 147
19 146
20 144
18 145
16 144
17 142
15 143
13 142
11 143
9 144
7 145
8 143
6 144
7 142
5 143
6 141
4 142
5 140
3 141
4 139
2 140
0 139
1 141
0 143
2 142
1 144
3 143
2 145
4 144
3 146
5 145
4 147
6 146
5 148
7 147
6 149
8 148
10 147
12 146
11 144
13 143
15 144
14 142
16 143
15 145
13 146
11 147
12 149
13 147
14 149
16 148
18 147
19 145
20 147
18 146
17 148
15 149
13 150
12 152
11 150
13 149
12 151
11 153
13 152
12 154
11 152
9 153
8 151
6 152
5 150
3 151
4 149
2 150
3 148
1 149
2 151
0 152
1 154
2 152
0 153
1 155
0 157
1 159
3 158
5 157
7 156
9 155
8 157
10 156
9 158
11 157
9 156
11 155
12 153
13 155
15 154
17 153
19 152
21 151
23 150
22 152
24 151
26 150
28 149
29 147
31 146
33 145
35 144
37 145
39 144
40 146
42 145
44 144
43 146
42 148
44 147
46 146
48 145
47 147
49 146
48 144
50 145
48 146
46 147
47 149
45 150
43 151
42 149
40 148
38 149
39 147
37 148
35 147
33 148
31 149
29 148
30 146
28 147
29 149
27 150
28 152
26 151
27 153
29 152
31 151
32 149
34 148
35 150
37 149
36 151
35 153
37 152
35 151
34 153
32 152
31 154
33 153
35 152
34 154
33 156
31 155
29 156
27 155
28 153
26 154
24 155
22 154
21 152
19 151
17 152
16 154
17 156
19 155
17 154
18 156
16 157
14 158
13 160
12 158
11 160
13 159
15 158
17 157
19 156
21 155
22 157
24 156
23 158
22 160
24 159
26 158
25 160
27 159
29 158
28 156
30 155
29 157
31 156
33 157
32 159
31 161
33 160
35 159
37 158
39 157
41 156
43 155
45 154
43 153
44 151
42 150
40 151
41 153
39 154
37 155
38 157
36 158
35 160
33 159
31 160
29 159
30 161
32 160
31 162
30 164
28 163
26 164
27 162
25 163
23 164
22 162
23 160
21 161
22 159
20 160
18 161
19 159
17 160
18 162
16 161
18 160
17 162
16 164
18 163
17 165
15 164
13 163
11 162
12 160
10 161
8 162
9 160
7 161
8 159
6 160
5 158
3 157
1 156
0 158
1 160
0 162
1 164
3 163
1 162
0 164
1 166
0 168
2 167
4 166
6 165
8 164
7 166
9 165
8 167
10 166
9 168
11 167
13 166
15 165
14 167
13 169
15 168
17 167
16 165
18 166
20 165
22 164
21 166
23 165
25 164
27 163
29 164
28 166
30 165
29 167
28 169
30 168
32 167
34 166
36 165
38 164
40 163
42 162
44 161
43 159
42 161
44 160
42 159
43 161
41 162
39 163
37 164
35 165
34 163
36 164
38 163
37 165
39 164
40 166
42 165
44 164
43 166
45 165
44 167
46 166
45 168
44 170
46 169
45 171
47 170
46 172
45 170
43 171
41 170
40 168
41 166
39 167
37 168
35 169
33 170
32 168
34 169
36 168
35 170
37 169
38 171
40 170
39 172
41 171
40 173
38 172
40 171
41 169
40 167
38 168
36 169
34 170
32 171
30 172
28 171
29 169
27 170
28 168
26 169
25 167
23 168
21 169
19 170
18 168
17 170
19 169
21 168
20 170
22 169
23 171
25 170
24 172
26 171
25 173
27 172
26 174
25 176
27 175
26 177
28 176
30 175
32 174
34 173
33 175
35 174
34 176
36 175
35 177
37 176
36 178
38 177
40 176
42 175
44 174
43 176
45 175
43 174
45 173
44 175
46 174
48 175
47 173
49 174
47 175
48 177
49 175
50 177
48 178
46 179
44 180
45 178
43 179
41 180
39 181
40 179
38 180
36 181
35 179
33 180
34 178
32 179
33 177
31 178
29 179
27 180
25 181
26 179
25 177
23 176
22 174
20 173
22 172
21 174
23 173
22 175
21 173
19 174
17 173
16 171
18 170
17 172
16 174
14 173
13 171
14 169
12 170
10 171
8 172
9 170
7 171
8 169
6 170
7 168
5 169
3 170
1 171
0 169
2 170
1 168
0 170
2 171
0 172
1 174
0 176
2 175
4 174
3 176
5 175
4 173
6 172
5 174
7 173
8 175
10 174
9 176
11 175
13 174
12 176
11 174
9 175
8 177
6 178
4 179
2 180
3 178
1 179
2 181
3 179
1 180
0 178
2 179
1 181
0 183
1 185
3 184
5 183
7 182
9 181
11 180
13 179
15 178
17 177
19 176
18 178
20 177
19 179
21 178
20 180
22 179
21 181
20 183
22 182
24 181
26 180
25 182
24 184
22 185
21 183
19 184
20 182
18 183
17 181
15 182
13 183
11 184
9 185
7 186
5 187
3 188
1 187
2 185
4 184
6 183
8 182
10 181
12 180
14 179
15 181
13 180
15 179
16 181
15 183
13 184
11 185
12 183
10 184
9 182
10 180
8 181
6 182
4 183
3 185
1 186
0 188
1 190
3 189
5 188
7 187
8 189
10 188
9 190
11 189
13 188
15 187
17 186
16 188
18 187
16 186
18 185
17 187
19 188
18 190
20 189
22 188
24 187
26 186
28 185
30 184
32 183
30 182
32 181
31 183
33 182
32 184
34 183
36 182
38 181
36 180
35 182
37 181
39 180
41 179
43 180
44 182
42 183
40 184
38 185
36 186
34 187
32 186
30 187
29 185
27 186
25 187
23 188
24 190
22 189
24 188
26 187
27 189
29 188
31 187
30 189
29 191
31 190
30 188
32 187
34 186
36 185
38 184
37 186
39 185
41 184
43 183
44 185
46 184
48 183
50 182
52 181
50 180
51 178
52 180
50 181
48 182
47 184
45 185
43 186
41 187
39 188
37 189
35 190
34 192
33 190
35 191
37 190
39 189
41 188
42 190
44 189
46 188
48 187
50 186
52 185
54 184
53 186
52 184
50 185
48 184
46 185
44 186
42 187
40 188
38 189
36 190
34 191
33 193
31 194
29 193
30 191
28 192
26 193
27 191
29 192
27 193
25 194
26 192
24 191
22 192
20 193
18 192
19 190
17 191
15 192
16 190
14 191
13 189
11 188
9 189
7 190
5 191
3 190
1 191
0 193
1 195
3 194
5 193
6 191
8 190
9 192
8 194
10 193
9 195
11 194
9 193
8 195
6 194
5 192
3 193
1 192
0 194
1 196
3 195
4 197
3 199
5 198
7 199
9 198
11 197
13 196
15 195
13 194
14 192
15 194
16 196
18 195
20 194
19 196
18 198
20 197
22 196
24 195
26 194
25 196
24 198
26 197
27 199
25 198
23 199
Expanded Nodes: 19858
