bfs
200 200
00000000001000000000100000000000000000000000100000000000000000000000000100000100000010000000000000000000000000000001000000000000000000000000000000000000000001000000100000000000000000100101000000000001
00000000000000000001010010000000100000000100000101010000000000000000000000100000000011000000001000010000100000000001001001000000000000010000010000000000000001010000100000000000000000000000000000001000
00000000000000110010001000001000001000000100000000000000001100000000100000000000000000100000000011000000000110100000000000000010000000000000000000010000000000000010000000010000000000000100000000010000
00001000000011001000G00000000000000100000000011000000010000000000000000000100010100001010000000001000000010000100010000000000000000000000000000100000000000000000000000000000001000000000000000000000000
00000010000000100011001000000000000101000000000100010000000000000010001000000000000010000000000000000000001100000100000000000001000000000000101000010100110000000000000000000001000000000000000010000000
00000000000001000001011000001001000000000001010000000000000100100000000001000100100000000000000010000000000001000000000000000000000000000001001000001010000000100000000000000100000000000000000000000000
11100000000010000000000100010000000000000001000000000010100000000000001000000001000000000000000000000001000010000101000100000000000000000000000010000000000000000000000000010000001000000100010100100000
00000000100000000000100000000000000000000000000001000001000000001000000000000100000000000010000000000000001000000000000000000001000110000000001011000000000000000000000000000000000001000000000011000000
01001000000000010000000000100000000010000000100000000101000001000000000010000100000100000000000100000000000110000000000001000000000000000000000000000000000100000100100000000000000100000000000000001000
00000000000001000000010000100000000000000001000000000000001110000001000000010001100010000001000000000000000010000000100000110000001000100000000000000000000000000010000000000100000000000000000000001000
00010000000000111000100000000100000000000000010100000001100110000000001000110000000000000000000000010000001000010000000000000100000000001000000000100000000000000001100000000000010001000000000110000000
10000000000000010000000001001000010000000000000000000001000000101010000000000000000010000000000000000010000100000000100000000000010000000001000000000000000100101100000001010000000001000001000000000000
00110000000001000000010011000100000001000000011000001000000000010100000000000000100000000000000000000000000001000000000001000010000100000010000000000000000000000000001100000000010000000000000010000000
00100000001000000000000000010000000001000000000000000000010000000000000010000000000010011000000000100000001101010000000000000000000000000000000000001000001000001100010010000000101000010000000101000000
10100001000000000000000001011000000000000011000000000000000000000000010000000001000001010000000000000000000000100010000000000000000000100000000000000000000000000000000000000000100000000100000000100000
01101000000000010000000000000010000000000000001000000000000000000000000100000100001000000000101000000000100000100000000000100000000100000000010010000100101000000000000010000001000000000000010100000100
00000000000010000000000000000000000000001000001000010000101001000000000000001100000000000000000000000000000010010000001000000000101000000000000000000000000000000000000000000000000000000000010000000000
00000000000000000000000000001000000000100000000000011000010000000000000000000000010000100010000011000101000010010000000000010000000000000000000000000001000000000000000000101100001000000000000000000010
00000000000000110000000000000010000000000001010010000000000000000000000000000000001000000000000000000000000000010000000000010100000000000000001001000100000000100000100000000000000000000000101000001000
00000000000000000001000000010000100000000000000010000000000000000000010100000000000000000000000001000000000010100000000000000000000100001000000000000000000000000000000000000000000000000000001000000000
01000001000000000000010000000000000000000000001000100001000010000000000000100000000000000000001000000000000000000000000000010000000000000000100000000000000000000000000000011001000000000010000100001000
00000010010000000000000000000000000000000000000010000000000000000001000010000000000000000010000000001000000010000001000000000001000001100000101000000000000000000000000000000000000000000000001000000000
00001010110100000100000010001100000000000000010010100100001000000000000000000000000000000100000001110000000000000000000000110000000000000000000011000100000000000000000000001010000000101001001000000000
00000000100000000000000000001000000000000000000000000000000000000001000001000000000000000000000000000000000100000010001000000100001000000000000000000000100000000000000001000010000000000000000010010000
00000000000000000000000000000100000000001010000000000010010000001000000000000000100000000001000000100000010000000001001100000000100000000000000000001100000000000001000000000000000000000000000000000100
00000000000001000010000001000100000000000000000100000000000000000100000001000100000000000000010000000000000000000000000000000100010011000000001000010000000001000000000000000010000000000000000000000100
00001000000000000000000000110100000000000000000000000001001000000000000000010000000000000000001000100000010001000000001001010000000000000000001000000000000000000000000000000000000000000000000000000000
00000000100000010000000000000001000001001000000100000000001100100000000000000000010000000000100000000000000000001000000000000000000001000000000000000001000100101000000000000100000100000000000000000000
00000000000000000000000000000000000011000000000000100000010001100010000000000000000000000000000000000000000000000000000000000000000000000000001000000010000000001000000000000000000100000001010000101100
00110000000100000000000000000000000000000000000000010100000000100010101000000011000001000000000000100100000001000001000000000000001001000001001000000000000000011010100001000000000001000000000000100010
00000000000000000000010101000000000010000000001000000000000000000000000000000000000001001000100000000000000000000000000000000000100100100011000010001010000010100000011000010000000010000000000000010001
00000000000000000000000000000000010100001000000000000000000000100000000001001000000100000000000000000000010000000000000000000000000000001000000000000000000000000000100001000000000000000000000000000000
00000000000001100000000000001000001010110000000000000001001000000000001000000000000000011000000000000000000001000000000000000000000001000000000000000000000010010000000000100000000000001100000000000000
10000001000000000000000010000000000001000000000000001000000000001000010000000000000000000100000000100000000001010000110000000010000000000000000000000000000000000001000000000000000100000010000010000000
00010000001000000000000000001000010000000000000000000000100000001000101010000110000000000001100000000000000000000000000000010000000000000110000000100000100000000000110000010000001110000000010100000000
00001000001000000000000000000000000000000100000100000000000000000001001010000000000101000000000000000000000000001000001000101000000000000000000000000000000000000000100000100000000010000000000000100100
00000001000000000000000000000000000000110010010000000000000000000000000100000000000000001000000000000100000000000000000000000000000000100000000000000001000001000000000000101000000000000000000100000010
01000000000000000001001000001000000000000000000010000000000000000000000000000000000000000110000100000100100000000000000000000000000000010000000000100000000000000001001010000000000000001000000000001000
00000000110100000000000000000000000000000001000000000000100010000010001000000000000000000000000000000000000010000000000000000000100000000000010000100000000000000000000001000001000000000001000000100001
00000000000010000000000000000100100001100001000000001000000000000000000001001000000000000000001100100100000000100000010000000000000000000000000000010100000000000000000000000000000000000000000000010000
00000000000000010010010000010000000000100000000000000000000000100010000000101000000000100000000000100000000000000000010100000000000000001000000000000001000000000010100010000000001000000000001000000000
00010000000010000000000000001000000000010000001000010100000000000000000000000001000001000000000000001000000000000000000000000000000000000000000000000000000000000000000000000000000001000100000000000000
00000001001000010000010000000000000000000000000000100000010000001000001001000000000000000000000000010000000100010000000000000000001000000101100000100000000000000000000001000000000000000001000010000000
01000000010000000000000000010001000000000001000000001000000000000001000000000100000100100010000000000000100000001010000000000010000000000100000001100100001000000000100000000000000000000000000000000100
10000000000000000000100000000000000000000000000011000101000010001000000001100101000000000000001000001000010001010000000100000000000000000000000010000100100000000000100000000001000000000000000000001100
00110000010000100000010100000000000000000000000000000000000000000000000000000000100010000010000000000000000000100000000000000000000000000000000000000000000011000001000000000000000000100000000000000000
00000000100000100000100000000000000100000100010000000000100000000000000000000000100000000100000010000000000000000000001010100000001000000001100000001100000000000000000000000010101000000000000001000000
00100100001000000010000010000000000000010000000010000001000000001001000000000000000000000000000000000000000000000001000000000000000100000000000000000100000100000100000000000000000000000000000000010001
00000000001000100000000010000000000000001000000010000000000000000001000000000000000010000000010000000000000000000001001000000000000010000000000000000000010001000000000000000000000000000000100010000000
10001001000000000000000010101100001000000000000010000010000000100100000010001000101001100000000001000000010000001000010000000000000000000100000000000000000100000100010110000000100010000000010011010000
00000000000000000101000000000000000100000001000000000000100000000100000000000000000100100000000000000000000000000000000000100000110100100000100010100000000001000011000000000000000000000000000000001000
00000001100100000000000001000000100000000000000100000100000100110010000000001000000000000000000010000000000000000000000010010100000000000000000000001000000000000000100000000000000010000001000011000010
01001000000010100010000000000000000000000000000000000000000000000100000000000000000000000000100000001000010000010000000000000101000000001000000001000000000101100000000000000000000000010000001000000000
00001101000000001000000000000000000000100000000001000111000100000010000000100000000001000001001001001000000100000000000010000000100000100010000001000010000000100000000010011000000000000000000000000000
00000000010100000000000000100000000000000000100000000011000000000000001000000001000000000000000000100110000000000010000000000000010000010000000000000000000000100000000100000000010000000001000000000000
00000001000000010000000000000000000000000000001100000000000000000000000000000010000000000001000000000000000000000000000000100000000000000000000010001000000000001000001000000000000000100000100000000000
00000000000001000000010000000000000001000000000000000110000000000010000010000100100001000001000000000000000000000000000001000000000010100000101001000000000000000000000010000000000000000000000001000000
00000000000000001000000000000000000000001001000000001000000100010001000010000000000000000000100000000000000010010000000010000001000000000000000110000000000000000100100010100010100000000000000000000001
00000000000010000000010010000000000001000010000000000000100000000000000000000000100001000000000110100000000000000010000000000000000100011000000000010000000000000000000000010000000001000000000000000000
00000000000000001010000100000000000000000000000000000000000001001000111000000000000100000000001000000000000010001001000000000000000000000000010000000000000000100010000000000000001000000000000000000000
00000000000000000001000000000000000000000000000000000100001000000001000010100000001000000000100000000100000000001000000100000001000000000000100000101010000000000010000000000000001100000000000000000100
10000000000000000000000001100000000100001000000100000010000000001000101000000101001000100000100001000010000000000000000001110000000010000000000000001010000000000000100100000000000000000000100000000000
00000000000000000001000000000000000010000000000000001010000000001000000000000000000000000000000000000100000000000000000001000010000000001000000001010000000000000000000000000000000000100000011000000000
00000001000000000000000000000000000000100000000000000000001000010110000100000000000100000001000000000000000000000000000000000000000101000000000001000000000000000010000000010000000000000000000000000000
01000000000000000000100010100000000000000000100000000100000001000100000000010000000000000000000100000100000000000000000010100111000001010000000000100010000000000000000000000000000001000000100100000010
01001010000000000000000000000000000000100000001010001000000000000000000000000000000000001000100001000101000000000000000000000000001000000010000000010000001010000000000000001100000000100000000000001000
00100000000010001010000000100010000100001100001100000001000000000000000000000000010000000000000000000001000010000000000000000000100000010100000000000100010010000000000000000000000000100001000000000000
00010000000000000000000100100001001000100000001000000100000001000000100000001000000000000000000000000010010000001000000001001000000000000010001001000001000000001000000000010010000000000000000000010000
01000100000000000000000000000000001000000000100100000000000000001000010010000000000010010000000100000000000000000000000000010000010001010000000000001001000001000010000010000000000000010000000000000000
10000000000000000000110010000001000000101000000000000000000000000000100100000010010000000000010000000000000100000000000000000000000000000000000100000001000000000001000000000000000000000000000000101000
00000000000100000000000000000001000000100001010000010000000000000000000100000000000000100000000000000000000100000010000100000000000010000000000000000001000000000000000000000010000000001010000000000000
11001000000100001000000000000001000010000000000000000000000000000000000000000000000000000100001000000000000000000000000000001000000001010000000000010001000000000001000000000010001000000000000010000000
00010000001000000010000000000000000001000000000000001000000000000000000010100000000001000000001000000000000000000010000001001000000010000000000000000001000000010100000010001000000001000001010000000000
00000000000000010000000000000000000010000010000000000010101000000001000000100001000001000000000000010100001000000000000001000000010000010000000000000000100000000000000011000000000000000000000100010100
00001001000000000000000100000001000000000101100000000000000000000000000000100000000000000000000000000100000000000000000001000010010000011000000001000000000000000010000001010000000000001000000000000100
00000000000000000001100000000000000010000000000100000000000000000000100000000010010000000001000000000000010000000000000101001000000000000000000000100000000000000010001000001000001010000000100000000000
00100000000000100000101000000001000000000000000000001000000000000010000000100101000000000100000001101000000010000001000000000100100000000000000000000100000001000000000001000000000000000000000000000000
00010000000000100000000000010000000010110000000100000100010100010000000000010000000000001000000000000101000000010000000000101000000000000000010000000000000000000000000000000000100000000000000010100000
00100010000000001000000000000100000001000000000000000001000000000100000000000000000000000000000000000001000000000100000110000000100000000000000000000000000000000000000000000000000010001000000000010000
00000001000000000000000000000000000001000000000000000000000010000100000000010000000000000000100100000000010000100001000000000001000000000000000000000000001000000000010000000000000000010100010000000000
00000000000000001000000010000000000000000010000000001000000000001000000000101010000000000010000000000010000100000000000000000100000000000000001001000000000000000000000000100000000001000000000000001000
00000010000000000000000000000100000000001000010000000000000000000001000000000000000000000010000000100000000000000000000000001100000000000000000000000001000000000000000000000101010000000100000000000000
00000000000000000100000000000100000001010100000000000000000000000000000010010000010000000100000000000001000000000000000000000000000000000010000000000000000000000000000000000000001000000000000000000000
00000100010001000000001000001000001000000010000000000000000001000000000000001000000000000001010000000000000101000000000000001000000000010000000000000000000001010011000000010001000001000000000001000100
00000001000000000000001000000010000000000010000000000001000001100100000000100000001000001000000000000000100001000000000000010010000000000100000000000000000000000000000000100000000110000000000000000000
00000010000000100000010100100000000000100001000000000000000010000000000100000000000010000000000100000000100000000000000000000000010000000000000000000000000000000000000000110000000001000000000000000000
10000000011000000000000000100000100000100000000000000100000100000001000110010000010000010000010000000100010000010000000000000000000010000000000000000000011000000001000000001000000000000000001000000000
10000001001000000001000000000100000000000000000000100010000000000000010000000000000000100010000010000000000000000000000000000000000000000000000000010000010000000000000010000000000000001000000000000000
00000000100000000000000000000000000000001000000000000000000000000101000001000000000000000100000000010000000100000000000000010000000000001000001000000000010000000000000001000000000000000000010001000000
00000101000100000000000000000000001000000000000000010001000100000001100000010000011000010000010000000000001100000000000000000001000100000000000001000000000000000100000000000000001000000000000000000000
00000000000000000000100000000000000100100100000000000100100010000000000100000000000000000100000000000000010100000010000000000100000000000001000000000000000000000000000000000000000000000001100000010011
10000000001001000000000011000001000000000000000100000000100000000000000010000100000010000000100000100000000000000000000000000000000100000000000000000000111100100100000000000000100001000010000000000001
00000000110000010100010000000000100000000001001100010000000000000000000001000000000000001010000000000001001000000000110000100000000001000100000000101000011000001000010000000100010000100100000000000000
10000000000000000000100000000000000010010100000100000000000000000000000000000000000010000000100000000100000000000000000001000000000000000000000000100000001000000000000000000000000000100001000100000000
00000000000001000000000100000100000000000000000000000000000000000000100000000001000000100000010000000000001000000000100000000000000010000000000001000001000000000000001001000000000000000010000000000000
10000000010000000000000000000000000000000000000000010001000000000000010000000000000000000000100000000100000001000000000000001000100001000100001101000000000000000000000000000010000010000000000010001010
00000010000001000000000000000011000000000000000000001000000100000001100001000000001000000000000000000000100000000000000001000000000000000000001000000000000000000000000000100000000000000000000100010000
00000000000000000000000100000000000000101000000000010000000000000101000000000000000001000000000000100000000001000101100000000010000010010100000010000101110000000000000100010000100101000000000000000000
00000000000000000000000000000000000000000000000000010000000000000000000100010010000000000100000100000010010000000100000000000001100000011000100000000000000000000000000000000000000000000000000000100000
00100001011000101000000000000000010001000000000000000000000000000000000100000000000000000000010000000000000000001010000000001000000010000000000000000000000000000000100000000000000101100100000100000000
01000000000000000100000010000011110000000000000100000000000000100000000100000000001010000001101100000000000000010000000000000000100000000000100100000000000000000100000000010000000000000000000000011000
00000001000000000000100000000000001000000000000001001000000000000000000100000000000001000000000000100000000100001000000001001000000000000000000000000000000000000000000001000000000010000000000100000000
00011000000001000000000000000000000000010000000010100000000100000000000000000000000000000000000000000001000000000000000000000010000000000000000001001000100000000000001000001000000000000000000000100000
10000000000000000000000000000000000000000000000000010100000100000000010000000000000000000000000000000000100100100011000000100000010010000001000000000000000000000000000000000000000100000000001000000000
00000000000000001000000000000001000000000000000000000000000100000000001000000000100000100000000010000000010000000000000000000000000000000000000000000000000010000000000000000000000000000000000100000010
10000000100000000001000000000000000011000000000000000100000000001000000001101000001001000100000000000000000000000000001000001000000000010010000100000010000000100000000000100000000010000000010000000010
00010000101000000010100000100000000100000000000000000000001001000001000001000000000001000000000000000000100010010000000000000000000001101001010000000000000000000000100000000110000100000110000000000010
00000001000111000000000000000000000001000000001001000110000010100010000000100001000000000001000000000000000001000000010000000100001001000000000100000001000100001001000100000000000000000101000000000000
01000000000000010000000010000000000000000000000000000100000000010100000100101000010000000100000000000000000000000101000000000000000000010001000001000000000000000000000010000000100000100000000000010000
00000000100000000000100000000000000000100000000000100000001000010000100000000000100000010000001000001000000100100000000000100010000010000000000000000000100000000100000000000000000001000100100000000000
00000000000000000000000000000010000010000000100001000000000000100000000000000000000000010000010000000000000000000000000100000000001000000010010001000010101000000000000000000000000000000100001010010000
01000000010101010000010000010010001000000000000000000000000010000000001000100000000000000000000100001000000000000010000000001000000000000000000000000000010110000000000000001000100000000000000000000000
00001000000101000110000100001000000000000000000100010001100000000010000001100000000010000000100100000001000000000000000100000000001000110000000001000100000000000000000000000000010000000000000000000000
00000100000000100000000000010000000000000000000001000000000000000000000000000000000000000001000000001000000000000000000000000000000000000000000000000000000000000000000000100000000000000000000100000011
00000000100000000000000000000100000011001100000000000000000000000000000000010000001010000000000000000000000010000001000010000000000010000000000000000100000011000010000000000000000000000000000000100001
01101000000000000100000000000000000000010000000000010000000000000000000000001000000000000000000100000000000000000010000000000010000001000000100000001000000010100000000000000000000000010000000000000000
00001000000100000000000000000000000010000000010000000000011000000010000000000100000001010000000000010000000000000000100000000000000000000000000000000000000000000000000001000000000000001110000000000000
00000000000000000001000000000000000000000000000000000001100101000000000000000000001000010000000000100000001100001000000100000000000000000100001100000101010000000000101100000000000001000001000000000000
00000000000100100010000000000100000000000001100000000100000000000000000000000010000000100000010000000100010000000000100000000000000000000001000100000000100000000000000000000000000001010000000001000000
00000010100000010000000000011001001101000000000000000000000000000000000000000000000000100000000000000000000011010011100000100000001000000000000000001010000000100000000000000000000000000000000000001000
00001000000000000000000000000000000000000000000000000000000000000000000000000000000000000000000000000010000010000000000000000000000000000000100000000001001000000000000100000000000000000000000000100000
00000000001000000000001000000000000000000000000000010000000000000000100000000000000000000000000000000000010100010000000000000010011000100000000000000000000000000010000010001000000000000000000000000000
00000100000010000000010000100000000000000100000000001000100000000000010000000000001000000000000000000000000110000010000010000000100000000000000000000001000000100000000000100010000000100000001000000000
10000000000000000000100000000010000000000100000000000110000000000000000000000001100000100000000000000100000000000000000000000000001000000000000000000000000000000010000100000100010000000000000001000000
10100000000000010000100000000000000000000000000000000000000001000000000000000000000000000001000000100000000001001000000011001000000010000000000000001100010000100000000000000000000001000000000000000100
00100000000000000000000000000000000000000001100000010001000000000000000001000000000000000111000000000000101100000000000000100001100000010000000010000010100100001000100100100000000010000000000000000000
00000000100000100000000000000000010000100000000000000011000000000010000000000000000000000000100000100000000000010000000010000000000010000000000100000010000011100000000000000100000100000000000000000000
00000000000000010000000000000000000001000000010000000000001010100000000000000000000001000100000000000010000000000010000010000110000000000000001000000000000010000000110001100000001000100000001000000100
00010100000001000100010000000000010000011010000100010000000000000100000000000000001000000000000000010000000000001001001001000100000000000110000000010001000000000001000000000001000000001010000100001000
00000000000010001000001000000100100000000000000000000000010001000001100000000000000001000000000000000000000000110000000000010001000000100000000000000000000010000000001101010000000000000110000000000000
01000001101010000010000000000000000011110001000010000010000001000000000000000000100000000000000000000000000000000000000000000000000000000000000000000000000101000000000001000000000000000000000010010000
00000000010000010000000101000000000010000001000011000000000000000100000000000100000010010000000000000000000010000001010001000001000000100000000000000000000001000000000000000000000000000000100001000000
00001001000100100000000000000000000010000010000000000000000000000000000000010000010000000000000000000000000000000001000111000000000001000000000100000000000010000000000000000100000000000100011000000000
00100000001000000000000000000000100000000000000000000000000000000000000000000000001000100000101000000000000000010000100000000000000100000000010000000000000000000000000000000000000010001000000000000010
00000000000001000000001000000000000100000000000001000000000000001000000000000000000100000001000000000010000100000101000100000000000001000000000001000000010000011000000000000100001100001000001000000000
10001100010010010000001000001000010000010000010000000000000000000000011001000000000000000000000000000000000010000010000000000000000000000000000000110001000000100000000010000001100100000000000000001000
00000000100000000000000000000000000000001001000000000000001000000000001100000000100000000000000011000001000000000000000000000000010000000001000000000000000100001000000000000001000000000000100000010001
00000001000000000000000000000000010000000000100000100000100000000000000000100100000000000100000000000000001000000000101001000000000000000000000000100000111000000000000000001000001000000000100000010000
00000000000000001010000000100000010100100000000000001001000000000000000000000000001001000000100000100100000001100000000000000001000000000000000000000000000000000000000001000000100000100000010000000010
00000000000000010000000100000000000011000000010000100001100001000100000000000000000000000000000101000000000010000000000000110001000100000000100000000010000000000000000110000000000010100000001000000000
00000000000000000000000000000000000000000000000000000100000100000000110000100000000110001000001010100110100000000000010010100010101001100000000001000000000000000000010000100000000000000001000000000100
00000000100000001000000000000000001001000100000000000000000000000010010000000000000000000000000000000000000000000000000000000000001000000000001000000000100000000000000000000001000010000000000000000000
00000001000000000100000000000010000100000000000000000001000000001000000100000000100000000000000000000100000001000100000010000000000000000000100000000000000000001000000000000010000000000000000001000010
00000100000000100000111000001000000000000010000000001000100000000000000110001000000000000000000000000000010000000100000010001000100000000001001100000000000100100000000001000000000010000000100001000000
10000000000000000000000000001010000001000100000000100000000100100100000000000010010000010010110000000000000000000000000000000000001000000000000010010000000000000000000000000000000000000000000010000000
00000000000000010000000001000000000010000000000000100000001000100000000000000000000010000000001000000000000010001000000000000000000001011000010000000010010000000100001000000000000000000000000000110000
00000000000000000000000010001000000000000000000000000000000001000001000000000000000010000100000000000001010000001000000000000000000100000000000000000000010000000000010000100000100001000000000000001000
10000000000000000000010000010010000000000000000001000000000000000000000000001000000000100000000000000000000000000001000000000001000000000000000000000000000101000000100010000100000000000000000100010000
10110000000000100100100000000000000000000000010000000000000000000000001000000000000000000001000000000100000000110000000000000100000000000010000000000001000000000000000000000000000000000000000000000000
00000000010010000000100001010000000010000000000001000010000000000000001000101000000000000000010000000000100000000000000000000000001001000000001010010000000000010010000000000000000000000000001010000000
00100000000000000000000000000000000000000000000011000000000000000001000000110000100000000100000001000000000100000000000000100000110000000001110000001000000010000000000000000000000001000000000000000001
01000000001010000000011010000000101000000010010100000000000000000000000100000000000000000010000000101000000000000000000000000000001000000001000101001000010000000000000000000000000000001000100000000000
00000001000000000000000000000000100000000000010000000110000001110000000000000000001000000000000000000000000001000001000000000010100001000000100100010001000000000100000000000000000010000000000000001000
00100000000000010000000000000000001000000010000000000000010000000000000001100000000000000100000000100010100000000000100001000000010000010010000100000000100000000000000000000000000000000000000010000010
00000000010000000000000000001100000000000000000000001000000010100010000000001100000000000000000001100000010000100010100100000000100000010001010000100000000000000000000100000000100010000000000010000100
00000000000001000100000000010000000100000000000000000000000010000010000000000000000100000100000000000000000000000000000000000000000000000010000000000000100000000000010000010000100100010000000100000000
00000000000000000000000010000010001000011000000000100100000000100000100000000000100000000000000001000100010100000000100000000000000010000000000000000000000000001001000000000000000000000000000000000000
00011000000000000000000000000010000000000000000010000001000001010100000000000000000000010000010000000000000000000000000001000000000000010000100000000000001000000000000000000000000000000000000000000000
10000100001100000000000100000000000000000100000110000010000000000000000100000000010010001100000000100000000000010000000001000100000000000101010010000000000000000000000000000000010010000010000001000000
00000000000000010100000000000000000000000000000000000000100100000000000010000000000000000000000000001000000000000000001100000000000000001000000000011000000100000010100001000010000001000000000000000100
00000000000001000010100000000101000001000000000000000101010001000000000000100000010000000000010010001100011000000000001000000001000010000000000000100000000000000000110000101000000000000000000000000000
00011110000101100000100101000000000000000000010001000010000000000001001100000000000000000100000010000100001000000010000000100000000000000000000001100000000000000010000000000000000000000000100000000001
00000000000000000000000011100000000000000001010000000000000010001110010000000000010000000000000000000000100000100010000000000000010000000000000000000000000000000000000000000000010000000100000000000010
00001000000000000000000000000000000110000000100000001000000000000000000100000000000010000010000000000000000100000100000000000000000000000000000000000000100101000000000000000000000000000000000000000000
00000000000000000000000001000000000100000000011010000001100000011101000000000001000000000010000000000000000000000000000000000000000000100000000100000000000000000001010000000000000010010011000010100000
00000100000000000010000010000000000000000000000000010001000000000000000000001010000001010000000000000000100000100101000000010000001000000001010000100000000110000000000000000000000000010110000000000001
00000000000000000000000000010001001100000000000001000000000000010000000000000000000000000000000000000000000100010100001001000000000000000000000000010000001000000000000000000001000000000100001011000000
00000000000010100010000000000001000000000000011000000000000001000000000011000000000010000000000000000000000000110000000000000100000000000000000000010000110000000010000000010100000000000000000001000000
00000000000000000000000000010010001000001010000000000110001000010000000000000001000011000010001010000000000000000000010000000000000000001000000000000000000000011000000000000001000000000101000010000010
00000000000000000000000100000000000000000001000001010000100000000001001000000000000000001000010000000000000000000010010100000000100000000001000000001000000000000000000000001010000000000000000010001101
00000000000000000000000000000000000100000000000000000000000000000010100000000000110000000000000100000000010000000001000001000000010000000000100000000000000100001000010000000010000000000000001000000000
10011000000000010000000010000101000000000000000000000000101001000000000000001100001010000000000000000000000000000001000000000000000000000000001100000100000000000000000000100000000000000100000000010100
01000001000000000000000000000000100000000000000000000000000000000100000000000000000010000011000000001000000000000000000000000000000000000100000000001000010000000000000000000000000100000000100000000000
00000000000000000000000010000000000000000000000001000000010000000000000000000000000100001000000000000001000000010000010000000000000000000000000010000000000000100000000000000001000000000001000000000001
00000100000000000000000000000100000000000001000000000000000000001000001000000000000000000000000000101100010010000000000000000000010001101000001000100000000101000100000000000000000000000000000000011000
00010000000000000000000000000000000000000000000000000000010000000000000010000001010100000000000000000001000000000001000000100000000000000010000000010010000000000000010100000010000000000001000000000000
00000000000000100000001001001000001100000000000110000000010001000100000000000000100000000000010001000000000000000000100000101010000000111000000000001000100000000000000001000000000000000100000001000000
00000001000001001000001000000100010000000001000000000000000000000000000000000000000000000000000000000000000000000101000000000001000010000000000000000000000000000000000010100000010000000000000001010001
00001000000000000000000000000001000000000000000000000000000000000000000100000001000000000000000000000001000000000000000010000000100000100011000000000000100000000000000100000000000000000001000000000000
00000000100000100000000000000000000100000000000000000000100000000000101000000000100000010001000010000000001000000000000000000000000000000010100010000000000000000000000000000000000000000000000000000101
00000000000000000000001010000000000000010010000000100010000100001000000000011100000100000000000000000000001000000000010100000000000000000001001000000000000000000011001100000000110001010000000010000000
00000000000000000001000010000000000000000010000000000001000000000001001100000000000000011001000001000000000000000000000000000000000000000000010000000110000000100000000000000000000001000000000100000000
10000000000000101000000000000000000001000100000000000000000001000000000000000101100000000000100000001000001000000000000100000000000100000000000000010000000001000010000010000000000000000000000000000000
00000000000000000000000100100000000000000000000000000000000000010100000000010000001010000000000000000000100000000000000000000100000000100000000000010000000010000100000000000000000000001100000001011010
00100100010000000000000000000100101000001000000000010000000000000000010000000000100100000000001001100000000000000001000001000000000100000001000010000000000000000000000010000000000000000000000000000000
10000000000100101000000010000010000000000000000000000000000000001000001000000000110010000000011000000000100100001000000000001000000000000000000000010000000000000000000000000010000000000000000000000001
01000000000101000000000000010000000000001000000000000000000000000000000100000000000000000000000000000000100000000000000100010001000000000000000000001000010000000000000000000110000000000000001000000001
00000000010000010000001000000100000000110000000000000000000000000000000000000000000001000000010000100000000000000000010000000000000010000001100100101001000100000000000000000000000010010010000000000000
00000000011000000110000000000010000000010000000000010000000000100000000000000000000000000100000000000000000000000000000000010000000000001000000000000000000000010100000000000000000000000110000100010000
00000001000000000000000000100010100000000000000000000000000000000000000000000010010000100000000000000010000000010000000000001000000000000000000011000000000000000011000000000010000000100000000000100000
00000000100100001000000000000000000000000000001000000000000100000000000010000001000000000001000000000000000000000000000000001000000000000000000000000000000110000100000000000010010000001010000000001000
00000000100000000000000000000000000000000100000000000000000001000010000000000000000010000000000000000110000000000000100000100000000000000000000001000010000000100001000000000000000000010000001000000111
00000000000000010000000000010000000110100000000000000000100100000000011110000000100100000000010000000010000000000000000000010000000000000010000000000000000000000000110000000000000000001000000000001000
00000010010000000100000000001010000000010000100000000000001010000000110001000000000000000000000000010000100000010101001000010000101000010000000000000000001000000000101001000100000000000000011000000100
10000000000000010000000000100000000S00000000000000010010000100000000000000000000000000000000000000100000000000100001000000000001000000000000010000000000000000100100001000000000000100010000000100010001
00000000000001000000010000000001001000000000000000010001000000000000000011000000000000010000000010000000000000000000000000000000000000001000000001110000000010000000000000010000100000001000000000000000
00000000000000100010000000100001000000000000000000000000100000000100000000100000000000000000011000000000010000010000100000000010000000000001100001000100000000000000001001000000000000000000000000010000
00000001000000000000000101010000000000000000000000000000000000000000010000001000010100000000001000000000000000000010000000010011000001000000000000011000000001000000000000000000000000000000001000000000
00000000000000000000000000000000000000001000000000000000000000000000000000000000000001100010000100000000001000000000000000000000000100000010000000000000000000000000010000000000000000000000000000000000
00000000000000000001001000000000000000000000000000000100000000000000000000001011000000001001100000100100010000000100001001000010000000000001001000000000000000000000000010000000000000000100000100000001
