199 0
197 1
195 0
193 1
191 0
189 1
187 0
185 1
183 0
181 1
179 0
177 1
175 0
173 1
171 0
169 1
167 0
165 1
163 0
161 1
159 0
157 1
155 0
153 1
151 0
149 1
147 0
145 1
143 0
141 1
139 0
137 1
135 0
133 1
131 0
129 1
127 0
125 1
123 0
121 1
119 0
117 1
115 0
113 1
111 0
109 1
107 0
105 1
103 0
101 1
99 0
97 1
95 0
93 1
91 0
89 1
87 0
85 1
83 0
81 1
79 0
77 1
75 0
73 1
71 0
69 1
67 0
65 1
63 0
61 1
59 0
57 1
55 0
53 1
51 0
49 1
47 0
45 1
43 0
41 1
39 0
37 1
35 0
33 1
31 0
29 1
27 0
25 1
23 0
21 1
19 0
17 1
15 0
13 1
11 0
9 1
7 0
5 1
3 2
2 0
1 2
0 0
Expanded Nodes: 7906
