bfs
200 200
G0100100110100010001110110100100000100000000001100011001000000000100010000010101000100111110101010010010001100000010111001011110000110100110101100011100010010100010001001000100000001100000101000110100
00010010000001000010100001001100111010010001000010010000101000001001000011000101101000001011001101000000010000100000000000000000000010010000000001001010000110100000000001101110000110110101001010011000
00101100000011110000011000010010100000010000001010000100110011000001000001000000000000101000001000000100000100111011000010010101100101000111000001000010010000001000000000010001100000111111111010000000
00001100100001000000010000110100111000100101000100010000010000100010000001011000110000011000111100010000001000010010010100000011000010001000000100010011010100001110000100011001111100101100101001000110
00110011000000000001000100101000100100100001010011011000000100000100000000110010001111000101100000010001100100000010001000000100001010001000111100100011000100001001000000100000001111000010100101000000
00000000001000000000000011111011010101000111001001001100100000100000101100010010010000101000000101000000010000000100010001110100000100000000100100001110001000100001010000000001000001000000101101001000
00010000010010100011100000111100000100000100010010001001011011000001100000000100100001001100110001000000110000011100000100000100100000001000100000101110100000111000101011011001010110001111000001001010
00100010000001110000001000101010100111101110000100000100101001100101001000000110010111000100110011000001000000101001010000110100110010011011000000010000000100000100100000011000000001011000101001001001
10000011000001111010000010101001110100100000010000001110001000100101100100101000110011000000001000010011001001100000000000001011000110010000100110100100010100000011100101010110000000011000001010000000
10010001010110001010101010110010101001010111000100100010000111000110010010010000100000111101101110010100010000100100001011000011000000111010010010010111111100100000011010101000000000000010000000000010
11100010001100100100110100100000000001010110000001110010001000001100000000101010010010001011000100111000000100101000010001010010000010001001000000100010001100011000100100000110100010010100100001000100
00000011100110010000000100000000001001000100001101110010110000000000001010000000101000100100010001000100100101110001100100000011000110000000011000000000011101100010100001000001001001010100000000000000
00000101001001000000010111110001000111010000000101001000000010101001101011011010000000000010000000001000000000111000100000001001000000000010001000010101001100100011101000000110100100000010110000101100
00001100010010010010011010010000000010100010000000000100000101010000001001000100000101000111010110100000100001000000001010001000000000010010000110100000101101001000001010000000100110100110001010010000
00000000010001000110011000000000000000010110000000010001000000001010000111001000000100010000110000010100010101000001100010000110010001110000000100010001000000100100100101011101100010000100010000000001
00001010011001010000001001000000000100001100000011001100000001000111010010001011000100111011100001000110001110001100010100001110000000000000011001000111010011000010110001000010010010000010110101100000
00101000111001000001011000000000101000000101101000000110011000100000100000011000011010010001011010011100001110000000000000001000011100010000000010000000111110010110100000000110001000000000000010000000
10010100000000000000000000000000011011111111001100000000001100010100000110010000000100100001000000000000010000001101100000000001000000001000101000000010110001010011001001100100000000000000010000100011
11100000010001000000000100100110000000000100100100000110011100000011100001000010010000100001000010110000110100100100000001010010100010000000100000001010101010001000010000010110010000100000000110000100
11001101100000101000001010001000010101110011101000010100001011100100000100100000000001011001000000010000010000101001011010100001110001001000010001000000010000000110000000000000000000010000000000000101
01110100101000001010001001001001001011001010111000010000111110000100001100100100010000011000000000100000000000101110001000000011100010010101100000111000000000010001000010000010011000100000110000110100
01010110011001110001000000011100001100000010000000000000100011001100000010010111000000000001010110010001000100000100000000010111101001000100001100000100011001001110000010100101001010000000110001010101
10011100110101100000010001000011010000000010000011001100000010100000010010110001101001000010000000001001000001010010000001100101100001100110000010101001000111110000000000101000101011100100000000100000
00001110110111001100101000100000100100000001000000001110000001100000101000001010010010000000000011000001100000000010000000000110011011101100001001000010010111000011000000001000000100010000000001010001
00111010000000001000000100010001010000000011100000100000110001000110100000000001010000010000000101111100100000100000110101000110010000010100000001100000000100001000011111001010000100000001000100000000
00100111001000000100100000000100010100001000000110101100001000000000111011000101010100000111000000000010001000010000000000010000100010101011000010000000001001001000001010010000000000000000000010101011
01101011001011000000010100001100110000001001001000101010010001110110010000000100010110001000100010010000000100011000110000000101100000110010000001010000000010001100111010100110000000010000011001000010
11101110000101000001001000010000000000111010000000101100100000100011011000011100101011101100110000110100100100000110000111001001000010001001000001000010110101000000010011011010000001011101101100101100
10001101000000100000101010101000011000000101000101000011000010000100010000011011001001111101001100001000000000011000101011011110000000001000000100000000000010000000000001010010011000001100000010001101
01011010101000001110000001100000000010000001001000000100000010000000000000110110101101000110001000100001101101110001100001010101000010110100001010001110000111110100110100000010100010000000110000010101
00000000100010100000010000100001000011000100000001000000111000000010101000010110001000000100000010001000010100100000000001010111100001110001100010000000000011000000100100100000000010000000011101100100
10000000110000000000000000000001100001010100000010000000000100010110001000000101100000001010100001000000010001110001001100000000010000000100000010001100000000110110000011000000000010011001010110000000
00100010010000010000000110000100101001000011000000001101110010010000000001000010000100000101000000100010010010100001011000100100000001010001110010001100000011011011011000011011000101101000010001100010
00000000100000100100110000001010001110110110110000000100101010110100010001000110011000001011000110110010011000001000010000001100010001000010100000000001000010010010001001101000100000001100001010001010
00100100010100011000010010001100000000010100100000100100100001010000010000010100010000100100100110000010000000000100000111011000010011011100100100000001000001001100100010000100000000100100101010000000
10100000000100110000000000110000000011000000001100001111010001000000101000100010010000101011010001100000000001100100101000011010010000001010111000000100110000101110110000010000000001000010000101000000
10100001101110110101010000000011101100101010001001000110110100100010001100000000100101000000100000100010110000100100110001001001000100100000100101001000000100000010110100000111000000000000101011000000
00001000010011111001010100011101000001010000101000100000000001001100010011000000000010001100001010100010001100100000000011000011001000001000000010100101011000111101000101000001100101100100000010011000
01100100001001000110000000010010110000000101100010101100000100110000000100000010000000001001101100001110010000000000000100000000101100001000010010001000001100100000011000010000010000001111100000010000
00010001010100001111100010001000110000000011011000011100011000010000010110001010010100110000000100100000010100101110001000000010100001101010000000100010001011100000010000000000100010111101000110001110
00000000000010110110010100100010100101101010110110011000000010000000100001000010000000000000010010101000000110001000110010000000000101100000000011100011000000001000000001010000001010000010011001100111
01000101100000001001000000000001010001111110001000100001100100010001100000000100000100000000000101001010100100000101000011010001111000001000001001000000001000111000000010101000000101000000100000010000
00000000110000110110100000000110011010000110101001100100001001001100100000000011001110000100010000010001100010000010101000000001000110010001001001001110100110101100001100010010100000010010000010010100
10000001001000001011000110101000000000011100001001000100001101010001100001010000001010010001100000110001000100110101100010001000000100001001100000010000001010000100010100000101010001100000000000010110
00011100000001001001111001000000100000000100000101110001000110000000001001100010100000100100001100001110100100000011101110000000011000111000101010010000000010100011000101000000100110000010101001000011
10000000000000000101001000010101101000000001000001100001001010100000110111010010100101111010000000110101010000010101010010000001000000110000001100100000100001100100000010010000110010100001001000110001
10100000000011000000000001001001000010101001010011100100101010011000000100000010100000001010001100001110001000101101111000000001001001010010101100101000100100011010000100111000000100000000000010000010
00000010111001000000110010100010000010010001010000001000111100000100010000000000001000111100000001001000100000000010100101000001001100000010001100110010010101110010000000010110000001110110001000101000
01000100000100010010111000000000110001000000100100100000010010001110100100100000000011000001000000101100001000000010010000000000000010001001100001001010001001111000001001001000000000101001000001001001
00000011001001001100000110100001000000101100000101101100000000010000000001000001100001100001111001010000000000010000010110010100010100110000000010100100000110010001000000000100000001001100110100100011
11010001111001111000111000001001100100010001000000000000001000011010000101001010000001000111100011111010000000001000110001001101100000011000100001000010101100000001101100100010000000000010110011100101
01000000011000001001100000100100100110000100000010000000111101001001000010000010000000011100110001011000010000000000011010000000010000110001000000000000001101100000000000101010000010010000101000000001
10110000100000011011010010110000000101000010100001001000010010001010010110000100001000001111000001010100000100110010111000101000101000100010000101000010000000110010010100110110100000000010000111000000
00000000000100000100010000001100000100010000000010001010111000000001010011000010001000000000110001010000000010000010010000001010000010010100000010110111100110000100100000010100000110101010000000000000
00000010010100101000000010000000100000100101000001010110010000100011010110010001000010000000101000000010101010001000000100010100110010000011000010001010010000100001000000110100011001000000001110100011
10111111111000000000100110000000000010100100000100000101100110000000000001000100000100001010000111001100011010001100000100011000011011100010100101000001001010000000011110000000011000001000101101010000
00010000110110000001100000010001000101000100000000000000010101000100100001000000001000001010110000001011100100010111110100010010010100001000101000100000010100000010000000111000100001100010110000100000
00000110000001100010010011100000000000110100010010100010001000000100010110000110001110000001101000010111101000010000000000010001000010000001000101010011000100100100000000000100010010101100000001110000
11010000110100010000000100011100000011001011100001111011011001001000011100010001011000000010000010000000001000010011001001001001000000001000000010100110111010100010000000000000100001010001000000010010
00000110111011000010000010000011001000001010111001001001111110110100000001000000000010011000101001000111010011001000010001000000100100100000000000100001100010100000100101000000101100000000010011000000
01001000000000110000000001000001001011111010010011100101101010101000000000000001000000001000100000001000001000100000000010000000101101000000000111000100011010010100011010000000010001000001001111110000
10010100110110110010000000000101100001000001010000100100000000000111000000000000101000101000111001010000101110110000100101111000010000100010010000101010100000000000110000001001110000001000001010010001
10000110000001101011000100011010000010001010000100100000011100101011000101001110010100100000001000000010000011100010101110010010100001011000100110100000010011101001000000000000010011000111000001000110
10010100001110000100100000100000101000011000010001000010111001100000111100100000100000000100000011010111001000010010110111010000001100100000000111100100100000101010010111100000100000001000100100010000
00001010001011001000001100001000000110110011011100001101100111100100000010010010000000110110000100001010000001010011001010100010011100010000100000000100001000101000000100010101101110010000001101110001
00100100101000100000001000010000001110001101000000011100101111011001010001001010011000011000101100001100000001100001001101001001011001011110111010001100001110000100011101101001010000100010000010000010
10000000010001000001000100010110000010010000000000000000101001010010100000001011010001000100100001100000000100000000010010001000010010010101001000100000100110000010001101100000000000010000110000011000
10000000100000010010000110010110110010101000110101011100010001010000000000000000001010000100101000001000000010001100010010010001010000011001010011000010000000001000010001000000000101110110000000000011
01010000000100001000001000001010010000010000100000000001101011000011000001110000000100000001011001000000000110100000000100011100010001100100010000000000110100000000000101010000101010001010000000010001
01010101111110010000001010100010010001000000110000011000011010000011010010100100110101110010100010101000100111011010100000101000000000011100100001100000010000001000001010010000001011110000010001010100
11100000000010001100100101011001010100110000100100011000110001000000000001010001011011000010010000000010000001001010110001100001010000110010000000000100010000000100100001000000101010000100000000011000
00100110101000011010101011010001010000001111100001110000001001000100000000010001000010001001001011001010101001101000010000110000010001101100000001101100000000110010001110000000001010001001101010000001
11000001001000001100000010000101100011000010101011101000010000011000011010100000100010100110000110110001000010000100000000110000110000000001000100100000010000000001000000010000101000000010010001001011
01010000100001000001011100100001001100110011000000001100100100000100100000000100101100100010000100010011101000000101000000001010010101010100001010000010010010110000000000101100000000100000000011101101
00000101010010010001000100101001000101010010100010100110000100100000100001010000011101010101111000000100110001100000101001100100000000011010000000010000001000101001000001000001001000010001001000111100
01001010010111000001000110000000000100001000000100000110100010000010000001101010010011011000001000000000000000011000100010001000101010000000000111000101000001000101010001001000000000010001000000101100
00001000100100000010000001001000100000111011101000000100011100010000000011000000000001001000000000001101010110010110111110100001000000110111010000010000010010000000101000000000000010001110000001000001
00010101000000001001000011000001000010010101010000001000000000100000001000000000111001011000001000101110000010111011000010001000000111000100010001010110100000000000100000001001011011010010100000000100
00001100000110000000011010001100000110001010010000001010100000001001100000010100010000111000000001011000010001110010000010100101100000010101100100101000000001000000110000110010100000010011000100011111
00011000011110000000010000010100010000110001010000010001100001010100000001000100001100000110001000010000001110000000000000001100000100000000110100101000000100010000100010010001001000010001100010111011
00001010111000111001000000100000000000110100001110001000000110010000000000100010101100000010001010000000101000000101101010010111010101010100001100000001001001000000000000010100000000000000000100000000
11001110101010110001110000111000100110101000010000000000010000000000001111110010010000110010100101101010011111010100000110000110000000111100011001100000100100000001000000001100001001111010001100001000
10011010111110100010110000001000001010001110000001100101010001111000000000100010001010000111000000001100010111001010101111010000101110100000110101100011000000000100001000101000011000101010010000100000
00001000100110000110010000001000000010111010100000000100100101110010010000000000001000011000001010110000010100000010001110010100011000100010000010100100010100110000000000101000000000101000001110100101
00000010111001111000001111001101100000001110001100010101101110000010110100000100100000010000000001000100100000000100110001101010000000011000000000110110000111000011000000010000010000100000100001100000
00010010110110000001001100000010110000000100100000000000101001110001100110110010100001000001011011000001000000010100100001001100100010001000011111000010100000000001011000000010010001001000010000011001
01000111000000010100101110010011010000100001000010010011000011000010000001000000100000010101000010001010101101011010010000010100101101000000010000010011011000010100100011100001110100000000010000001100
10000010000001001100000000110001000001010000000100001000000001000100001010001000100011000010000000010010001001000000000000000001001010110101010001100000000000110110110000000000100011010000100100100010
11010100011100000111000011101100010110110001000100111000010101000000000000001001000000010000000001000010000000101111010100010000100010001100000101101000000101100110100100110010001101001010011011010011
01110000001100010010000001000100010001110010010000000000111000101110000110000000100000011100000010101110001000100000011000000100000001001011010010000011000001000000100001101001000000010000101001000001
00001100000100100110011010000011110000000101000000000000100000000001000010010001100100100010100100001000000100100000010000100000001110001000000000000010000000100000110111001000000000000000101000100011
01100010000100000000011101011000111000101001100100000010010001100010110110100100000010011010000000001000001000000001100000000001000111001001000101001010010001010000010000000000110101010100000101001000
11100100101100000000000110001000010010000000010000010100000101001000000001000010101100001000100000000000000000000011000111010001101001011000001010001100010010000000000111100101010111000001001000011100
11011000101100000011000011000101010111100001010001000000000110000000000000110000100110000111000100000100001111000000000000001010001001000000000011101000101000000110001000000000000111101010000000010000
10000000010000010000100001001000000100111101001110000100100100100101000001010010010001001001100001001100010000100101001000100000101110100000101000010000000100000001000000100010000010010100110000000000
01000100110000001010110000000000100011010110011000000001010000010010011111000001000101000000010100100010001000011001000101000010000000110010000000011000011000001011001010110001000100101001110011001010
01000010000011010010011100000000010001010100000011100000011000101100000010101000001010000000010000100101100001000010001100100010000010100100000101010000000001011000000001000000011011111001101100100000
10100010000000001100001010001000010010101100000101111000000110000100000011000001001010101000001010000001000000010101000000100100000001001100000000010001010100001100000011000010000110010110000000000001
10011101001000100000010010000000011111110001001000110010100000000111101011011110101010000001000010110000100011000001001000011010000111000000000100001100001000100000010010100100010011001000001010100100
10010001000100000001000110100000011000001100000001101101010000001101001010000000000000000110000010100000100100010000000010101000100000000111001011100011101001000001010011001100000011010000001101000000
00000000001100001000110000100100000100100000110000110010101101000101000000010000000010101000100001000000001101000000100000001000001010000000000100111010010011010000011010110010000111000001101010111011
00000110010000100100000111010001000000001000000110000000001001011000011100011010000000000100001000100100000010011000001000010001000010101001000100000000001101010101010000000001000000100000111000001000
00011010010000010110010001010000011000100100000000001111011100010000001000000100001011000100100001001101000000000110100000010000100011001101100000001010001000000100111100111010010000001011101100010000
00000000000000100100100100000010110000000100100000001001000010000000101000000101000010010110000100100100000110000000011001000100101011010001001000010000000000000100000010000000000000000110000000010000
10000010010100100000000111000100010100100001100010000000100010000000001000001100001000001000010000001100100010000000001101001100010001100101011111110001011000001101000100001110100010000101100000000001
11101011000110000000000101001111100000001010010100000100111000000000000000000000111011110010000111000100010000000000100001001010001000010001010110000100111100000100010100000010001100110000101001110000
01000000000010100101110001000101000100101100010011001101101001011000000010000011001000001001010000100100100000001100011010100010000100000010100000110010110000001000110100101111000101010110000000001101
11101000001010001000100100110100101011010100010000001100100100001100000110001000000010000000000010001001110111100001010101000010001001000110100001000101001000000000000001110100000100100010000010001010
00000111000010011000001000010000100000010100100101110111000000000101010000111100000100001010110010001000000010100110011110100000000100000100101000100000000010000010101010011000001100000010000001001000
01000000000000000001110010000011100000000001010100000001111100000001100000000001000000000101101000000000000000001100001100010101000001010000110001100100100000000000010001001110001000100000010101011000
11101111100000001001010000000101000100100011100101100110000100000010111010000000110010000100010110010000000000011000011000001011011000010100010000100011000110000101101011000011000101100011100100010110
11000100100011010100010010000000100010000110000100000010010001100000001010000000100001010110001111000100101000001000000100001000000001100110001001100011001110010000001010000000010000000110100010101100
01100100100001110101100010010001011000001110010010001101011001100010011000110000100010001001010000010100100000101011001001110000010000000000100000000000000011000101000001010000000000100111100000000100
00001100110100000000000000001001100010100000001100010010000100101010001111100111001100001000101001101100010100001001000100011001000010111100111100010010000000001001111000010100000000010100000011110100
01001000100110001100001110011011010000100001001011100000000001000111000001100101000010000011101000000100000001110001001000000001100010000000111000011001100010100000101000001001101011010001110000110011
10010000000010001000000000100100100100100100000101000101010001100000001100010001000101011110001001000001001000101100100110100000100101000100010101001010010011100000001001000000001010100001001000100000
10000000000000010001011000000011011100001111100100000110100011111100100100000000101010101001000000000000001101000100001010010001000000000101000100001000100100100000100001000000001001001010110001000010
00010000000001000000000111000000000001001001000100100010001100000110101000100010100000010111100000000110000010000001010000000010100010101001001101011001100000000010010000010000011000010110000000000100
00110001011000001001101000001111101010100010010110000100101100001000000001000010101010000001110010001001010000010000010011010011000000000000000010000110000110110000011111000000100010110001000100010000
01000000001001011101000000100000000011011001100110000011001001011000010000001000000110001110111001001010000001000000100000101010000000001100000000010110100000110000101000000010000010100000100000101011
00101010010100110100011001000000011100100000000100100001010111000100101100110011001000010001001000010001000001000001001110010111110100100100000010010000000000000011000000011000000000010001001000010101
01000011010100100001101000010100100010001000010101000001001000000001011100000010001000000000001010001000000001111100100011101000000100001000000100001001110000000000010000100000101000101000000101000100
10100010110010001101000011100110000001001000100000000000011001001000100000000000100000000000010000000000100000100000001111101010010000101010010110000000001000110001010000001001110010100000101001000000
00110111010000010001001000000100010000100001010000000000011011001000000001111010000000001011100001000100000100100100100000100001001111000000000000000001110010000110000001000100100000010000010010000011
00000000101010001011100000011011001100001010001000000000011100010000110000010000010001011100000001011000100010001000101010100010000100000001000110000010110001001000101000001010100000100001101000000000
10000110101100000010000010000101110100001010010001110000100101000101001000100000000101000000101100010000000100000100001110101000000000011110000000001101010101101010010000100110100000100010010000010000
00101000000110010000000010010000100000000100111101101000101000110010000000000010010000001011010100001001110000000101100010100000001000101011001001001101000000001010000000100000111000000000100000110000
01000100110011000001100010000001100001000001010000001000000001000100101000100010001100000000000001010001111100010110000100010010001100000000100010110010010100000011001011000001110001000101100110000101
00000000100000110100100001100000010000101010000000000100000000000100000100111000000001101001010111100000010011100001001001001110100010000001000000000100000011001100000010010000001000100100000000001000
00001000000000000000000011000110011000001100000000111000000001100110101000011001011100110000100011011001000010000000011000001000000000011000001000010000000111000000001000110000010000001000001001000010
10100011001000000001000000001001000001000001000000010000000100100000001000101010011010111000010101000011010100011100000000001010111100000000001000011100000110100000000000101110000011101001100001110100
10000011010000000100000010010101111100000000000100000100000010000000001000011000100000100000000111110011100000000100000000000011000110101010001110100000010100010010100000110010000111000001010001111101
01011000100100010010011001010010000100000000010000000000000011110000010110001000000111011000000001010011000000001100000011000011000100000011010110000010001001000110110000111001000100010100000101010000
00001010000110110110100000000000000001000111011100000100000000000000000100000101000011000100111100000101000001001010000001010010010101100100101100101000001001000100000001110010000001011001100001100000
01000000100000010000100000000010111000110001000011001010001011000000011000010110100000100010000010000000100011010000000010000001000000000011011001000000110110000011001000100000000000000000010011010010
01011100001010110100010000111000100000100000000010101000001001000001000010001010000100001001100001100000000111010010000101111010011000000010010001100000000110010010000101101001110000000000100100100100
10100011000101100100110000110101101000011000000000100100100000000000100010000000011100000110000000010000000110001011100100100001010011000001010110001000110011110010011000100110001000000000000001010001
10100000000000000001001000100100010100100000101011011100001010001110101011100111010001010001010101011000100110000010010001010110100010100100001000000100000000010100100100000000000010100000100100000100
11000000000000010100000010001000101001010101010101100110011101000000011101110000000000100010001010010101010100011001000100001011000100010000011000110011001000101000010010110111100011001100001000000010
10000010100010100100000000110001100000000000100101000010000110100100101011000000000100010101001001000110101001011000011101000000001000000000000010111010000000110010011101001100000010100101011110000011
00000101000011000000100101000011000010101101101000011001010000000000000110000100000000000101011000100101010010011001010100010001001000111100100001101010000000110100011010000000101100001001101001100110
10000111101010100010000101010011001000100000000100100010001000000000100000001000010000011001101000010011000000100000001001001000111000000100000001001000100010000010001000101001110001110100110001100000
10100000011000001101010000100100000001000011100100001000010001000101110000000101010010010011000000000010100000100000000001100010010001011000100001001110110000001101000010000101001000101000100010010001
00000011100001000011101000101010100101010000100000010001000101001000010100000101100100001101010001001011000000001000001001101001000100000010001010011000100100101000100100010100010100110000001000000000
00010000000100000000001101000001001111101100110001101000001001000010000001001101000000010100000100111000000100010000010010000001011000000000100011000010000010001110000000001010110000000101000100001000
10000000010000000110001000010110100110100000000100001001101010000100000010100111001111101010000110100100000011010000000100111011100000101000011100010000010001000000001000100100011000011100010100010000
00101011000000000011010001110000000011010000100001000100001011101000110100110000111000001000001010010000010000101001001000000000101000100000110000000000110111010011010011001000000000000000101000000100
00110000010010101001100100000000000000001010011100001101001000010101010100101000100000001101100000001000010100000010010000000010000100101000000100110000100000001000001000000000001001010101000101001000
00100000001000101000010000001011100100000000001101100001010000001100000010000110000011000010010000000110100000000101000010010110100010000011000010000000000100100001010101110000101010000000000000001001
00100000000101000001000010011001010010100001010000000001000010000010000101000010000100100100000001000100000100011100001000011001100011010101000101000001101000100000001001010000100011000010111001110010
00000001100111000010100010111000100110001000001000000000000000000100000000000000000010001100110000001100110000000110001010000010011101000000011110001100000001000011010010110000010011110001000001000010
00100101100010100000001011101011000100000110100011010010101100100010001000101000001000000000100000100000010000011110110110000100001010110000000000110001000100000011001011010110001010000111101011001001
00010101110001000000101101000010011101000001011001000000000000010000000110000100000100100000100000010110100100010101111010000110000100010100010010000000000110000000011110000010010000011000000010010001
00000100001000000000000000000000010100100000100010001101000000101010100000000000011001000011101000010000101100010010000010010000100011000000000100010010000110001000011001101000010000000000100000001000
01000000001000111000010010100100100000001000000100111100100100101010111000000100001010001000000010111100001011100001100010000000010010010010001110011100001000100000010100100000111000010000000000000000
00000001010011010000101100000000001000101000000001001101010000000000000000100010000000001010000000100001101010001001001110001000100000100011010000000011011001000100001000000001000000000010011000101010
00000000000100101001001011000100100010000000000100100100000011000000001010010001100100000110100100110011000010111000010000001000001000001100101100001000001000010000000101001000110001001000010010000000
00010000001000000000110000100001110100001010000100010000000010000000100000001000100001000011000100000010000010110010010011000000000001100001000000000110000101000001100100100101100000100000100010000110
00000000010011100100101001001000011001010001100000101101010000001001100100011001001100010101001100000000000000010100000001000000000100100001010000000001000000000010000000010100110000000000001000001010
00001000000010001110001000001000011100010100100000000010010100001111010001000111011010100100001100111010000010010001110110000010000000000000111000100110000010011000000100000010010011000010000101100111
01000111100000000010011010011000100110000000000010000001010000000010101000110000010001000000001000000100000001001100000010100101100000100110011000001100000000000000000010001000000010000001010101000000
10000010000001100010000100111000000000000000000001001011110000000100001010110010100100010100000100011100001111000000000001000010000100100000000000101001010011001101100110100100110000101000000010000011
10010010000011100100010101100100000110011000000100110111100100001000000001000000001001100001110000010101000001000000100000011100000001100001100000010001010011001000100000010000000101010000010010001000
00101000000010010001000100000011000001101110110000010000000100000101000010010100001001010110000000010000100100000010001011000101001000000010001000010100001000010010001100010001000010011000000001110000
10000100010001010010001000000101010011100011100111101000000010001000000000000100010000010000000010010100000100101010000110010000000010000000100000010000000000000000001101000000000010001001100110000000
01000001011100100001110010001101010100010010100100000100000000000100000010001000000010100110100001011111001000000111100001110000101010000010001000101000001100100010000000001011101000111001110000000000
10000111110011000000001010010110000000000001100100011010100011010010001000000010001100100101010000110000000000101101010010101110000000001000000110000000001010100101010101001010000000100000000100000100
01010001000001001000010010010101001001100000110010011010000000000101101100110000000000010000000111100011000100000100110100000100001110101000110000000011101001000100010001101101100100000111110100001000
11100000111010000101010000001100011010100000001101010101100011001100010000101100101010100100101001010001011001100011010100001110000000111000000100001000000001001000110000010100000100111111100010011000
00010000001000000000010000011001111000001000100000000000000100001100000001000010100101001100010110000111101100111000000001000001010011010010101000111000100100111101000100001100101000001000100100100000
10001110011111000100000000010000000100000001010000101101000001001111011101100001000111000100100000000000010001100011000000010011000000000100100101000010000100010000000000000001000000000000100001000100
10101000001000000000000000001000100111000011101100000011110011001000010010000010000000000010001110010100000000010001000010001110100000101001000001100001101101000100100100000010001011010000000001110000
00000000100101000010001000101000001110010001010010011010000000111101001000000011001010011000000100111010010000000000100000101000100010001000011100001000100000010000010001000000010010101111000011000000
10000100001100000110000000001001100100100101110000100000100100000001100011000000100001001101000110010000111000001001010100000000100000010000000001110000000010101110000001010100000000010000000100000000
10011001001000110000000100100000011000011010001100010100101100000000100100000000010000001110100000000101000110100010101011101011000001001100010010000110100000000000000100101000100010010100000000000100
01000000000000011000011010001000001101001000110010101000011000010000000101010110010000010101000000100001011001100000010000000011010000000011000010000001010000100101010001000100000100001000100000000010
01111000000001010001100101000010001010000000001010100100001100000100010100000000101001110001101111000101110100000000010000000000110000000010010000011100010000000001100000000100100100100000100111000101
11100011100010100111110001000001010001001000001000011100001100001001000010000000000000000100011000000010001000100001100011001001001011000000010001001101101000010010000101010001011100000000001001010000
11001000101101010010000000101100000000011000000000100011010000000001000100010101011110101111001100001110000101000001100010010000000000101001011000000100001110110110010000100100001001000010000010000100
00011100000011001101010010101000001100100010110110100000000000000000000010110110010000111100111000000011000010000011000000000100100110000100100010010000000011001001001100010101000001101010000100001000
00111000001000010011010101000000000000011011100010010101010000010111011010110001000000000000000000010000000010100001001010010001000000001000111000101100010001000000000010010100010010001000000000001100
00000000100001000000000000100001000000001000000001001000100000010000001001000010000000100000000010001100011101010010111100000100000000011101011001000100010000010000100000001000000000000000000001100000
00010100000100010101111010100011100101011001010001000100000111001001001000101000100000001000000000001100000000000110010100001010101100010000011000000100011000000011100001000100110011000000000110000001
00110101000001011000000000000000101001110010001001100000011110010000001000000000100001111000000010101110101110110101100001110000100101100010000011000010011000000000011010011000100100100001011000000101
11010000011001000000010111001100000000100000100000001100110000010000011000001000110000101010100001100011100000000100000001110001111000010111010001000010000101101001001000000000000111001010101000000001
00001000110111000001000100001011100001101100000100111100100110000010001010000000100000011000100000000001010010000010000000010000000000101010111011010001010000111001000010111010000110000010000100001001
00100110000000000001101110001010100011101011011000110000111001000010011110100000101101010000000001100011000010010000010000100000000000001100100001000000000001000010100000000000010000001000011011000111
00000010100000111000010110011000000100000110000000100110000010010000011011001000011010110000000000010100000110100100001010100100010001100010011110000100101000001100001000000000011000000000110011001110
00000000011000100000100010001001010011001101000100000010101000000110001000101001000000100000101010101000100100010000001000000000000101101110001010000001010010100010000000000001000000010001000011100010
00100000000000100001000000000100000001110000100101000100001010001001101001000011000000010000100001110001000001000001010000010100000000100010001110101110000010111100000111100001101101001000011001010000
00110101000100100111101110100001001000000010101010001100010001011101000010010000000010100110000000100001000101010001100100001010000010000100001111100010100000000000000000000001010001010000011010110000
01000110011000001001000100100010000000011110001010001010001100000100011110110100000011001000000010011000110000100000011001010111000101000100000001000000000000010010010110110010000011010011001000001101
00110011001001000100000000000000000110100010000101000111001001110011000000010011010010000010110011000010010100000110001010010110001000001001001010000000100011001001001000010000000000001000010010000000
00011011000010100000010000000011000000000000001001000000010000000010100110100000110000100000100010000010000011000100100011101101100101000001011001010000001001101010010111000001000000000010100000100011
00010001100111111010000000010011110100101100001110101101000010001001010111101101000100101000000000000000000000000101000110001101000000000101100111010001100100000000000101001011001100000011010011010010
10110010100000010100101001000001101000001010000000000101000000010000000010000111001011000010001101000110110000100111010010000101001001010001001000111101001110000000101111110100000000000100010100011110
01000100101000010110000000010000010000000010000000100000100100110100000000011001010010010011001010001010011100000100111111100010100000101100100000110100000000001000000110010101000000000001000110000101
01000001000110010000000100000000010100101100100000001010101010000011000100100100001110110010001000010000010011011101000101010010000000000000000100001100000100000101100000000000010000000000000100010010
00011000000011010000010010000011001110111110100011101000010110001000100000100001000001010011011000011010111000100110010000100001000010101101011010001001001111011001000000000001111001001001001010001000
11S10010100000101000101001011001111100000001111000110010101000001000001001000100111100000001000001000000000010101110010011001000011000000001101010101000001111010000001000010100010000000000001000000100
