dfs
200 200
1011S000110100100001101001110110010101000100000100011000101000110100001110100001110100010000000100000000011000001001011000001010000100100010101111001011000110000000100001111100100100110100110010100000
00010000001100010100100100101011110110000000110010000011000000110001001101100010100001001001110010100000010000111110000010000011100011100011010010011000001001101101101011010100100010000001010100011001
10100111000000101110100001111000011011100101011101010100001000010101100001111000000100100010100001011010000110010110000001110010110110101100110110000000110000001000011111011000010000101110111010010001
01000011010110000000000101011011101000100000100000100101001000111010100100000100000010010101110011000000000111100000000001000001000001011001110000100010000010100001000001110100010000001001111001000000
00110000100111100110010111010100000000100000010101000100110001000100000010001010001010001101001001101110000010000110000111100010100110111010000000101111100010111010001101100000001001111101000001011111
01000001110000000101110101010010011000101111100000010011111010110101100111100100000010111001000001110110001001001000010000110111110010100110000000010011000000010001000011110110000100000111100111111000
01000000110000110001000010010001101010001001010101101111011000100101100000000010110001100010101000100000011011111000100100010110011100001100001001100010000000000010011000010111110100000000010000100100
01001100000101111011111011100110110000001000100001000001010101111000001100101101001010001100101001000000101100000001111010110101110101000111000000011000010000011011100011000000010111100011011000001101
01100000000101010000111101001011010100000111101001010010000101000001010001110100001101100011111111101001110111000100011111101011000101111011001010000000001100001001101101110100011000000010100001001000
10001000000000010000001000000000010110000011000010111000011100000101001111100000001111110000101010110001010001000010100100101010001101100010100101001001100001010011001001000000100000011000010010000001
01000000000100011010100111100011100000000100101101110110100001101000100000101001001011010010000100000010101000101100101011110101001110000000111000001100011100101000000111011010010001000100000000000110
00001100011000000010001001010010101000111110101001011110010011110001001010001000000111001011111011000000100001000111010000110000001000010000110000011100111001110100111000011001110010101100001100101010
01010000010001000000001001000110100101000001100111100001001111100010100000000001010100011001010101011101110001010100011010000101011100000010100010110101101101100100001000000011001001101001100000100000
00010101111010100010000010000000110100000011100011101100101110110101100011001000100101010011100100000010111101001010010010100010100001000010000100100100001010111001011100100011011110010011100101101001
01101100000011101000001010010001000000001010000000001100100101000110011100010011000011011101000100110000001010000001010110011001111000011000010110100101110000100001110100110101010000101010111010001001
01110010101011001100111110110100011000101001010010100110000111100100001100001011011010000000000011101000110101010000000001000110111101000110110110110010010010010111110000011010010000100110110101101101
11111101110001001011011010010011110110111000011010011010001010000000100100011000000111101011000000001100101110010000001001100010011011000000000100010000000010000110100001011001000011101000010011101101
10000010001010101100001000000101000100101000000101000100101001011000111010101011011010111011000001000010000011001000000010001000000110011011110011110001001110111001000100010011001100000110110111000001
00110100100000101011111001010111100000101001011001110110011110000000010000000010000001001011011000101001110000011100000001001011111001001010000010000010100100011111010001111011011110100000001010101101
00100011010011101101000010010000001101111001000100010111101110011010101110000001100001110010011010000011100011010000001101010100001110001010110000110100111110111001000001000001000101000001101110000001
10011110001100000110110010001100100001001011011011111011010100001000110110010101100001001000111100001100010110101000011010000000001000011011000110001000110010100010000100101001100011111100011001101010
10010001001001000000010110000100010111101011001111001000000001001011011001000100000001001001110001000100111010011000001101100101000101001100100100010111110001111000110000110011000101001000000011011000
10011000100000010001010001101011111100011011000001100011001010001101010001000010001000101010010000000101100110111101010111001100111100100110010101000111111000000001001100100000001110010010110000100110
01010010110000100001101010100101100110000010110110000100100100100011000010000101100110010010110000110011001010110010001011011001000100010011000100001000000101010110001010100000110101000010001100001111
10100001000100000100000100010001100000010001000110100110011100010001001001001000000000100011101000000001010000010000000010010011010011101101000101010011101001110010001001001100011001111000100001010111
01110101000000100100110100011110111001101010010101001000001000010000110011000000100101011010101110001011001110100100001010010110000101100110010110110100011100011001000001000101000100000011001000011001
01001010010111100100101000000000001000001111111001000110000000000000010101101001010111111100111010001101111000000001000001101100110100000101100010001000111100000100001010001011000100011000110000000011
10100100000001100000111110000011000011011010101000000001110101100011110100110000011011010100100010100100000110000001110100100000010000011101110010111000101110011011000100010100011101010111101110000000
00100010100001100100001110001100110100010100011000101010001001000101011011010111010000111010010000010111010110100101100010010011000111100101100000011001100010001111000001001001100100010101101101011101
01001000111001011011100100010101100110001001000010010011010101000101101111000001001010000110100011100110010100000111100000100010010000001011100001110111110111100100000000111100010011001001000000100100
10000110110100010111000001010011011111000001101101011000101000000001100011010100011011001101000111101011011010010001100100001111000000011100100001001001011001000100100000100000111101001000011001011000
01011110101001011000110001011100001000011010001000100000001111001100000001101010101111000111000000101011110000010000001111100101000110111111101111010100010000011011110100110000000000000110100011001000
00000000011001010000001011100101100111111011110010001000000101100000000100000110100000100111011011001011110001110111100101001010000001100001100111110000100010000100010000110110000001000101011100110011
10100100001000000101101000000101000110110000100010101101001101100001011111111001010001010000100001110101010100011111110001010000000011000001101100010000111011001100100000100010011111100010010110101110
01000111000001110001010001001110010101100100100010011100101000110011000000000100111010000000010100010011100101010110010100010000100000110001001100010010001011101101001000111100111011101111000011110111
10010011100101000101111000100011111111011000100000101011001010111100011100001001101001110000000110101000000000100010000011100010110000000000110100001000100000000001100000001100000001110001010100101000
00000111100001011001000100100000010001000000001000100000110011010000100101100101100010111001000000100111100101001110100111000010101111111100101100000101001010000111010001011010010000000101000101100100
01000110110100000100101110000100110101011001000101010000001100101111000010101010010101111110011101001111100001101100001100100000110000000100000100110101111100000100110001101010101000100010111000001010
11000011101110010001011100011111010011010100001101111111100000100110111000000111011111010100110011000111000100000101111010110011011111100100010001101010101100000111100100110001000011100100011010110101
00100010010001011110110000101110100000000011011001001001000000000010000100001000001010010000011100100000111111110011010011000000000100011111000011011000010111000000110000001110001000010000001111101110
10001000001111000001111110110000000000100100011100111010010000110000001000111010110100100000000000001000110111100000111011000100001011001000001001110001100010011101010000010010101010001000101111001011
11111000010101001001010001101001001101010001000001111000100101101000111110001011110010000000001101001011001111100100000001010100110110010001001101110001000110011011101010011011001100011111010010011100
00000111011110011100000101001001001101101101000100011000101111011000000101001100010000001000001010101000000001110001110110110001000011100101000100000110110110001010100101110100111100110010111100000111
11100110011110010101011000001110111000000001010110011111101010111110110011001101101000110010011011000010101000001101011000001100100100110000111010100011010011000000100001011000000001000000101001010010
01110000110011111100000010010010101101101000001111101101111100010011100110001011001000010001111001100010001101000111001000100000100010100010100000110001010010110111110101000101101100011111011101110011
10000101111001010011010000101001110111110110001010101011101000011001011001111110000000100110000010010110010100111111010000001000010100011101100000010010110100110001001011100000111011000010001001000010
10110000010000010010000010100001010010111001110010010110010100110110000101011010110010011000101000011001001100000111001011010011111000000011010110001011010100111101100010110101000000110001001101011000
10101010111001101100011010010100110001010010011100111101001000100000110110001011010001100110110000000010001001001111000000000000110101111000010111001000100011010000010001110100001101001000110000010100
10111011010000100000000100010110000100000010011011100000000011011111001010010010001011101111001011011111010101010000110000001001111010001100011111111011111111111000000000000101110010110101000001100110
10000000101000100000000010011111001000010101000010010001011100001100010100000001000011000101000111010011010001101001111001100001110000101110100101011101010010100000100001110001100010000011100000110001
11000101111010101100001011000101101111001000000000011101000001011110100001001001010100111100011110000111101001000001000010001011110110001111110100010011100101000111001000010000011010110100101111011010
01101101011101010000010011011000010101110000010010000111000001001001111010010001011101000001110101000000111011101001001010010010101010011000000111100010000100000011100001010100001011100111100111010001
10000010100010010110000000000110011101111010000110000101110000110111010001010010111000000000011000010001010010001001000001100010010001110101000000000100100010101011000000110111001001010000011010010001
00001001100001000111010000100000001010010100100011010011011100111000101101101001110000000010000111010011001000010100000001000000000000000110001101110000101101010110011001100100100011101100010011110101
10111001100101100010001000011011110101100000001101100010010011010100001111000110010000010001100000011111001100001000000010100111101101100101111011110100001101001100000000001010110001001000000100000110
11110111001000010100110010001111100010111110100011011101001110000101100001001011000010001101011001011100001000001001100000011010010000111000100100111101001010100011010000110100010111001101100110101110
00100110000110101011100010000000001100111001000001011000100011101101000001010000100011000100001001011110100101000000010000111001111110111110100000100010100010010001011010011100100000111100110100010001
01100011000001000101000101101000010000101001100000010010110110110000001000110011001010101001010100100010111100000001000101100011100100101001000101101001000001101000010101100101110010001001011011010010
11011000011000000101001000111010011100001001001100111000110110111100001101000010011001001111010000100001111100010011100101000000100100100001000000001000110101101100100011001000011000011000101101110010
00010010111101000001101011100111110111101101111000001011011101011110011001010011100001110110011100110110110100001000011000111000000111101010101100110001101001010000100001011100010101100011011100110011
01101101001101111001001010000010100110001011111110100001100011100100001001010000100010100000000000011101110010001010010010101000100001000000111011100010000110010101011000101000010011011100000001011010
10100101001000101001000110111001001010100100100010000010101101000011100111101110000010110011101001101011011000011101000001110000000100101000011101101010000101011010110000111110110101101110000000000111
10000011001000001000010000010100000100000000000100101001000101000001100101111110110101101001101011000010100000000000001100001001001000001001110000011001000011101011110000010001010111111000100000001101
01000110001010000111100101101001000100000101001110010000100000101100110010110011010101100011000010001110111101100110111100100011010110100000001000101010101000111001000001000100001000010001000110011100
11011000010110011101110100100110100010010011000010101010110100011000001001010001000010001001001010001101101101111000000000010001101010101001101110000000110110011000100010000001111010000011100011001010
01101010101001010001010100001001011000001011000100100110001100011010100100100000000001011000010110001100101000010101111101001011001011001010010100100001010101010000010110001100110010001000010110001010
10000001001011010010101010010001000110000110000101001000110100100000101001000010111101101000100100010011001000101001001001100110010010001110010111011111110110011111010111100000011100010011110010111000
00001010001100100101001000010000100100001100101010000011100010011001110100001011000000001000100001010001010010100101101011001100011010101001111000100011001010001100000011010100000000010111010101000100
00100000101001100000001110101000011000100011010101111010010101111000110100000011000010100010000000001110001011000000010000011110100000001010100000000010010111100011101010101010100100010000001110000001
00010000001000110000011010000110100100000000001101100001000011000000001001001001001011010100110001000010100011010001110000110100011001001100111101101010010001000000110100100110000011011001100010010001
00010001011001000010101000011000001100110001000101101101010100100010000110110000000001001101100101111000011000011101000001010000100010011110000000011100110001100100010110100111110000100110011101001010
01000001001101100100101001111000010100000101100100001110111111001110110100100010101100100111010001101101000011010011010111010010000000110010001100100010001100100010100100101111000111000101000111111100
00010001101111100110000000100000000000001101010011000001100001110000011000000000000000000100000101100001010010100000000100010000010001010010101000100100010010000000001101110010010110000110000011000100
10111000000001010100000110100010011011101010110101001000100000001000110010011000101010010000011011111000111001010000100110011101000011000001110011001100100000111010000111101000100111110100001000110101
00101011001001011110010010100100010110000011010011110100001110011011001101101101101100001110010010001000101010001111101100100010001100000010100000010111000100111101111000100000100001010000100100001101
11100001010000101100000001001001110100101000001011110001001000001010101010010100011110111010010001001011010001010100111010011001001000111001011101111000100000000000011101000110111010001011110000011101
00000111001110000100111000101100110011001010010101100100010000111000011101110000011000001100000111000011000100011010010010000010000011001011000000110010011011010000001000001000101011000110011010001111
10100100101100100101110011001111100101100000100000110010000100011111000000101010011000100000000000110100100100010010110100111000101100000000001111001110001110100010101100000010110101000101000110100010
00101010100111000100010001101011011101010001100000100010101100110110010111001101010101011101111010101001110001001001110110100111100001110001000000100011101010101011100100000001100001010001101010001010
10010111000011110100100001100001100101100001100010001110001010000111111010010010110110110011010101001111001000110011101100110000000010100000100101110000000100010000100101000001001000100100000100001111
10111010100001011001011010100010110101101000101111101001011000001100011001111110001010000111111101010001100100010111000000000011111001001000000111100011100001010110010000000101101010101110000000011001
01010011100101000100001010100110001000101101100111011010010010011011010101110000010000011010100110100000100100100101001000101100010000111011010000011100011010110000000000011000001100110111011001100000
11101110000011000101101100100011000000000101100101011101010010001110010110001100000001011010110000001000110111001000110100111110011010100101101001111111001010001011000001110101000000110010010111101010
00010111110010010100101111100110010010101110001110000011010000000100001001011010111000010110000110111001100000011100111100100011100001010011101010101011011010000010011101011110000110001100000000110010
00000011000010101001100000000000110001000000111000000100010011010110000000101000010100100000000010000000011010100001000000100010001011110001101101001001001010001111110100100010000000000010011100001000
00100001001000000000100011000001000010000110010010000001101011010001110010110001110111011000101100001010001000011101110100010000001111010111011100011100100101111110010010110010110101101001001000110010
00100001001001000001000100100011110011000100000010000110101111000001000110001000000000010110110000000000000100100000001101000010001100000111010100110001100100011001100001101101010001010011000000000110
00011001101010101011010001001000100100100000010000001111000000001111101010100110110100011000111010101001000110000101100000001001010010000000100000111100101001001100010101000100000010010111000110011001
01100101101100000010010011001000101001011010110101110001100001101001010001010001101010010001001000000010101001100000000100000101100011001000011110101110100000111100111000001000111010100000110100000110
01110100110001000000000100101111011110100110100011100010001101110001011001100000010000110111000000110011011000101001101011010110110010101000111011111001011011000010100000100111010010100000100100100110
01011110111010110110011011010101110000010100010010000011101000110001001100000011101011001000000011101110100010011100111100100001010100001111000110001011010101010010000000000011101010101011011011010000
00010000001110100101111110000100001000110010010010100100001000110001001001011000101100011100100110101000011110001000110110000001010101000001001101000101110110001010101100110010101000110110011010101111
00001000100100001100111110101000001000000100100111001001001000100000111011100100000100110010010001110000100000010011001100010100001000011101000011001011000000000000010000110000011010101110010100101101
00010001111000001010011000000111000110000110111111111101100000100101110010000100001010000001000100001001001101001000000110001101001101011101111100110100101010011000100100000000101000011010001111111000
01111000111111100111010010101011010101110010100001010000100000111101001011100101010011001000010111010010110001011100000001100101110100000110011000111010010110100000100000011001011001101100100001011010
10000101001010000111011000101110001100100101011001010000110010011110011000100110110100011000000010110111001000000000101010110000000101010101010101101110100100001011000100110000100000001000000101111111
10000010100000000100100000001001001100000110101001011001101010000000000110100010001100101111010000011110010001001100011100001100011000001100001000000111011000010011101110010000101010100101000011100000
00001010001000010100110111100100001010111000111010101011000101100001001100110101000000010100100110000010110011101010000010100000010001010000010010101100001001001111000110001111010101110100011101000000
10111001010001001001000001101001010101010110101100010010100110101000010011000011111100010100000100000010101001101100101001001000001101000100101011100000000011101100100011011110010010111010000010100001
11000110011100110010001011101000011010000100100110000000100000001011000010100110110111000001010101011110101010000011011001010111011010100110000011110100010110011001100000101101101100000010011000011001
00110110101001101011110000001000001100001001001000111100011100000100011100100010000010000101100000011110000001100001000001100000100010010001100000100001100100100100010001000010000001110101011111001000
11000001101100101010000010000100110010000100101100100001010010110000110001010001001000101000001110110011000010011110011011010101011110100000101101001010110100011101100110001101110111101110010111010001
10001001110100101001010001011001010000101011000000101100000000011100110101010011000110011001000010010011100000110000101011000001100100001000100000001001000010001010101000000101010001100000001100010010
10111101001001110101011111010110000010100101100010111111010010101010101001111110010000100000001000000001111111000010110111000101000110101100010110000101010011000011111001110000110110011010000010101000
00110000000000010101111000000100001010000000011100001110100001100100101000000111011010010110001010010100111110000100000110010000101100100001011101111100110010000001111010001000100000110110110000001001
01011011011000010000101011100111010100111111101101111010011010001010010111100101000100000010110010000100110100101001110000100100000110011000100101110100001000010000011101011000010000000000100011110100
10011000001010010100011000000101000001111000000010001010010100000100111010110010001111100010011101000110100101011011101110011100101000010101001001001111010000011001001001010000010000010001000101101000
11010000010001001000001100100100101110111111100011101101010110100100010001000000001101010000000111100101011011001110110100100011000111000110001010101000110111110110100100001010110001011111011000100110
01000001001110101000010100000101000010000010010000001110001011110110001001100000001101011010000100010000000010000000000010101111100100010000101110100011100001001100001110000110011100011011000001101000
01110000010100000100111111011101000000010010000011111111100000100111110101111000111000010000101001011110100000001010100011100001111100000010100001110100100111001100010001010010111011010011101110010001
01000010010001000111111000011110000101011010100111010110101011000011001001111110000010000001100011101101000001001001001000000010000100110011010011010110000010101010000111000100001011110001001100010111
10001011100110010011000000000000011010010111011111000100110110000110111100100110000111100110100101001101000100111011010101000100001111001111000000011001000100101110010000001000000100000001111010000101
00101010001001000110000000000100000001010110110101011000000001000101001111110000001111110111011011000110100011100110011110000001010000010001011000011110001011000101010010001011110010100011001100101001
00000010100111101000111100110001000101001110001111000110100000110100101100110010000001101110000001101010010100000101110010000000100110011010110000010010101000111001010010010100000100010000010111000010
00000001010110111110000010001010100111011110000010100100100110001101110001000110000101111011110101100110101100100100001000001111011010011100110010000010100001101111101010101101101000000110010101001000
10001101010000001000000100011011100100110000011010000000100010101010000010001100010110101111111110110000011001011011001100010111000111001001001101000011000001101101001100101100100000010100001011101000
00011001110000010100001100001001001000100000000001001000011110000001000001111100010010011001101001101000010001110110111100100110100111110010101110001101010001001110110111011001010000110111110100110100
00100000010000001011000101001111000010001110000000010110001001110101110100110011110001000101101010001010000001001111011100000011011011100111000100110111000011000010101100000000000100000010110000111100
01000010000001100000010100010110101000001010100101000111000100110000100011011100001010000000101111000000101101001001001100000010000101000000100001101010000101100110001100000111011001001111011000110100
10001000000100000100000100001010001011011100010011100000011001011001001110000101110000101010000001001110011011101101011110011111110001101000011110011000000000000010000010001100001001001011100110000101
01000000000101111111111000000100100100101001101011001100001110001011000110010000110011100011001001110001110001010100010000010000110000110111101110100100010101000101100000110100000111010101100000001110
00001010100100000000100001011000000101101001111001101001010000010001100101000100011010000010000011010000100001000011110001010011001000111000010001100011110110001001011100000011101001101111100101000110
01000011001011001110100000000001100000000010000101000100100100110000001001001001100011100011011100010011011101001111001110011000101010000100011001101111001000000010000000001101101111001000111100101110
11001100000010001010111010000100000001010001000000001010010001000011111000000010010100010101111101111011100001111010000010000100101011100010011000001101100001100101001101100010000100001100110011111101
10101001000000111001100110110010111000000000100101111000001100001010001001001001001000100010110000001001010000001001100010011011100000000100000000111101010001000001000100000110111100000101111010101000
10000001110110000010001101000010000000001001000100011101001001111111111011000010111011001000101101110010100010010010010000011111100111100110011110000010101111100001001111000011001000000100000010000010
11010111010001001001011111010011010011001011011000110011000110011000000010001100010000110101000011001100101110000100100010110110000101011001100000110001000110010111000001111101100000010001101100001110
01001001100110000010111000001001000000000111001011001000101001101000100111000001011001011100100011001100101000000101001100000100111100011100000101001101010101010101101111010001010001011000110000101101
01010001011110010011110000001010101000001010011010010100010011010001101000000100000000110110111010111011001001000001010011000110100010001011010001001000101011000010000100010001111000110000101001100010
10000000001000000111000100010100001001110111010001001100001001100000000010001000000100111010101001000000010000000010000101010110100011001000111011110001000111101111001010001000100100101110001010000001
01011101101111010100010100001101000000101000100001001111001100000001100111100110000011000000000010001010000011100111010011101001000000100110101101010100000010001010010000100100001010001000100000001110
00000111001100000000100001010010011000100011100111001011000001000110100011110101010000110101011001101100111001001000110001011101111010100011010101000100011001000010011100111000010100111100010010001101
11100001010001000000010001001001101100001100001111000100010101010001110011101000100000001101000000100010001010000011010000000100100101010001110001011011010010000010000101110001011101110110110101001100
00100100000110000000100000101001001001010000000000100110100100100100000100011001000000001000100010010000101011001011100010011111101110010101000111111100011110010110100001111101010101010101000011001001
10100010010101000011000101000101000001010000111111000000001000001000011111111111000010000011111101110011111010001011001110111011101101100010010010110000101010000010010000000110010101111101111010010000
00011100110000001001100001110100110000001111101011110110110010010100001100001000001110010101110000000000110010001010111001000011101001011010000010001100000000100100010010101101011000011011110001001011
11010101011100101100010111000101100100001011001111001110000001000010111000011101011101100101000001101111101100000000101000110000000000111000100100100000000101010000001110011101010011100000110000011110
10110100000010001110110001001111000010000110100100110101101000001000000010101010010100001000000001111110110101011011000010000001000110110000011000101101010011000001000111010100000101110001010010000100
11111100100010100000110011111010010101000110000110001001011001001110101101000001011011010110011110111010000011010000001110101010110001001000101011001011000011000000010100110000011000000100001110001000
01101100110010000101000001010011000110101000100000111100110100110110000111100001110011011101110011100100001001100110101001101011101001100110110010001000111100101000010000010000101000001000001001110111
00001100001010010100101011000101000101000111100000000000110000111000000001000111100000011000001000111001110111000001110110101000101001010000001000101111101101100010000011100010010111000011010100100100
11111110011001010001101100100011010001100101001110101000000100111011011100011100110000000011000100010000000101111100010010000001110001010100111001011010001001011011000101011111000010001111011111010100
01110010010011100011000000010001001100110101101110001000111000111100010000011000000010101001010111000000101110100001000001010010001010101101001101100000011001001100101000000111001100000110000001111000
10111111111100110110001011111000000000110110000110001101100001011111100011000100000000010111000100100110010010000111101011001001101001011000100000010000011010001110100010111011110101101110011010001011
01100001001010100000110000101001110010010010100000100001010100000000000001101110110110000000000000100101011101000000011011010001000110000010110011110110010010011101001000100011101000000010100001001000
00001100110100000000100110000111111001000000000111111010101101010000000010101010001100100001010001000001000110100010000100000110000111000001101110011100010010100010101001000101001101000100111010110101
01000011010000010100000000010001100000001001101001111110010000110000001001110101100100001000000111011000001111010000100000000000100010100001110000100101001000000110111110001000000010100011010000000100
01000000001110010000101000010011001110100101000110110000111001100011111010001000100001011011001001001110000000010010100010000010000111100000001100010101101110101000100010110001111011000001010110101000
11101100010001001100010011100010010001111110101000100000110001010010100000111001010000001011011000001001100010010010011001110100001001010010000010110000001100010011010111100000000111000101000100011000
00111001001001101100011110000001010001000010010100011100010111111111110001111001101000011011011010001001100100000010111001110000010000100010000010000000010100101001000000000001000101001000011110001001
01100001100000010010011001011000011001101100011001001010100101101101001100101000111001101101000001001001100100111011001001001100001100100111010101001011000100000110001011000000001100010111001001001000
00010001001011001010010000111010011110010100001111100000100001111011011111000001001000111011001010001100001010100000010111110000100001111000001110000100101111000110000000100000100111000100001101100101
11101001001011010000000010011000100010111000001010010101000000100000111000010111000100000101000010100000100100110101000000010001000010000011101110010000011100111100000001111001010001001110100110010001
00011100101000000001000000001111010000011010110110001011000100110010000110000000110110100010010010010010011011100101001001100000000000010100111100000010100101100010101100001011000001011100110100111011
01000000011000000000110110101000111110100011000000010111010100100100101111010000000100110010101100000001011010100000101000011101010011000000010101101101011101000111111101001000000001000001110010000101
01101100001100010010110100010000011010110100100001001010000110001011000000010100010101100011000000000010010010101101000000100001001111011101111000000000111001110101010010100011100111001000111010101101
10010001110101110001000001111000100110000111011000000100100101001111001000101010101001110111000001100000100100011000001000000000110001000010000101111011110110101010000001000101011100000010010001010101
10000001000011101100101001110110100000001100010000111000000010110110010000000110000100100000101110101100011001101110001000000010111001000110101100110000010000101111011011011111000101100000101000001001
10000011000110110000100110010101010100000100011001100110000101010111111001100011010111110110111010010101110111000100100001001000101010011010011100101100000000100110100101000110111101010000011001000001
00011101000100110110011101010101000000010100010000110001011110001011110010011000000110011110100111001010010000100100100100011001000000000101000100000001111001100000011010000001000111101110111001011000
01011011101000000011001001000011001100010011011011100010000101000010010110110110001110001010100001110010110101010010100000000111000110001000111000110010000001001110010010100000000001000110101001101001
01001100111011010010011001001000000100010010001101001100100011010011000010001110110101110000001100001111000011100000000000111110000010011000001011101100010011100001100100101100000011111101000001000101
00101000101101010100110001101100111000010000001011001100111001001000001100011011110101010010100010110001011001100100000001110001110111000101000010100000110101001010010111010100111101110001010001000001
10101010010010011110101100010001001100000001001000010000000100101000010101100111100010000111111001100110000000000110110100110110010111000100011000111000010100011101000001100001001000100010100110000111
01010100111110010000100100101000110001001000001000000110111111000000110101001101001010000000010010101001110010000000010000110000011110001011100101010010010001001010010000001000110000101000000010111100
10110100001101000000110010000100000001000000000010011001101001000001111000001001000011000010010011000110101001101111000101110000000000100010110100001010000111000000000001110011101000000010000001000011
00110010001101101001001000101000101010010110100110110000000011100111110001000100010000100101000011101010100111100001111100000101110001001100100110100010000010001011010000000100011011110000001111010000
10010100010000001000100001100001100100010001001000100100000000011100000100011110110001000010010010100010101000001011001010111001110100000001000100011010110010010001111101011000001110000010000100000010
00010010001111001001110001101111100101010010010001001101011001010110000110000011010000010000110000111000000110000000111100001100011000011011100011000000100101101010011010000110010010111101010110011010
11001001000011010010100001010101000010010100101010011100000000000010001111001010111100000001101101000101000100001011100010000110011001010001101000010011100001010100100100001001011011001100001000000000
01011101010111000100000100010001001000000000000101011101000101110010101011001110010110000111010011010000010100000011101011001110010100010000000100100001111000111000100000100100000100101010111000000100
10000100101000000010001010110110011101101010100111010001001101101100110100001001101001010000100000001001110001100000110000110011001100100010100101011000000011110010111001010011101100101000101010101000
00010100100100110010011010100000001100011111111001111110101110001111111100001000101101110000100011111111000000111110010010000000100001000101001011000001101110001010011010000001011001000000110100101001
10110100001000010001000011001011110011000101000111000110100010001101011011000010010000001000111000000000010110001001110011000010111010001011101000100110100101010010001110100111000001010001100100000111
11001010000000001001011001011010000100101001101101001001100101010011010010110010000000010110011110000110110100001110011000001110000100100010100010101000110010011100001000001100000100000000100111110101
00001011011101111000000010100110100101101001010010010001001000111100110001000010001010000100111000001100100000110100000100110000100100010100000100011101100000110010101101010000101110101000101111111001
10011010010100000100011010110001101011011011000100010100000100011000111011010001010000001001111001010111000111010100010000010010001000101011010111110000101110011010111011111011001001110010101010000110
10110000101111110110100011100110110101010101010001011000101111111100011010000110000101101001000000011111011111100101110100100001100001000101111001100001011100001000110001011000001000101000100001000101
10111011100100010000010000101011011100111101110001111000000001001111000001001000001101100110000010001101001000000001011101101000000110011100000110110000100010100010001000101100101101100000001100100100
00011111010101010010100111111011000010110011101001000011101010110010110111010101110010011110110101101010100100000010100001100101001111110000100001011011010110110100101000000000111101010011111010110010
00001111101000100011100100110110011100000000110010100011000110111101010110101111100000110000100100101111010000100100000011110010000111011000100010000010100001000000000111000000001100100111000000000101
00001101000001100000101100010111000010110100011011001010010100011011011001001011000000000110100001110111110111101111000110100001100101001001100110101010001110000011000000100001001010101101100111100011
00000100000110101011011010001001001000000000101000000100110111010101010100111010100111100101010010000001000110010000000010010100111001000010010011111101010000101110110111100010100101001000011111101101
11000010101000010101000010110100011110101100001011001000001010000000000000010000010010101000001100001000000110010011000000101010001100000010100000010100011011010011010010010110000100110100100110011000
01100000100001010011101100101001010101000011111110000011110111011101001000001110000111000001000101000001000110000000000010110010011011000101111010010100000011000000100000101010110010010101101000010100
10000000101000110011001101111111111000001000110011111000000100001001010001100010101100001010000100000000000001000110000001100100101101100100110111100100100110100010010011100101010000001100001010000010
01010110010111001001101011110010100010000000101001100011011000110001010110010000000000111011101000001101001110100101010001100000010001000010101000101000110110010101100000001010111111010011001110110010
00011000001010000011111110100010100011001000101000101000100100011110111000001000010001000000000101000100100110000000001010011101100101001100100101000110000011010100110001011111000011101000100000001101
01000000110011011001100100011101000000100101000111111110001010000001101101010110010100101100110001001101010011001000100011010010011001000010011110001100100000101011110001100100011100100101001100001010
11000100100010100011011001000111110101101101000010100001000001001100100101010011101001001111000100001100000101010010001100001011001010110001101000100011100101001011010110010010110001100010001001000101
00101010110000010001000000010110010010011101000001001000110111110100100000100101010100010010010011010010010001001111100000010100010101101000001111111010000100100001001011100010110011010111101001011000
01010100100111000110001001001101101001110100101001011101100110000001001110000100000010101000000000101100000110010001000011000101110010010001100000100100011100000101000001000100100100010100011100001110
00011110010001001000101000100111000101001111000001100001101010010100101000100010011100011001000000100000010101011101111000010111011111001000011110001110010000010100000110101111001101000100000110100110
01001011000011001000101000001001000100001010000011000110101101101001011110000011000000011001100010001100110000000100010011001100100101110100100010001000001010110101000010010001000010100110101010111001
10100000000110101011000010010011100001001000001001001100000101100000100000001010000100110011111100010100100000110111011011110000110100010011101100001010010000010000100000011000101110000111001000010110
10100100101001100001010001101110010110110000101011000101000101000001000011011111010110010011000001000000111000000010100111110011001111110101010000111000010111010111110010000001000001111110101110000110
01100110000000000110001011001101100101100010110001101010001001101100000011000010100010000110100011000110101000101000010111001100001000000001010000100101011110000010100000001000110010000110010001011100
10100010110101110000010101100010010101000010110101101100111100101010000001011010000100001111000001010001100101101100111010000100000000100001011011110000010000100101110110111000110001111001010111100101
011010G0101100101100100001001100011010001001011100110000000001100100101010000100000001110000110000101001010010010000001000011010000011001000010001000100001010001000000001000110100000110000000100000110
01011000001010010000010000011000000011000000010100001001000001100001000000011100010000011110011101111011100001010111000101011100100001101100101101100000101101110000000010100000000000101100001110001011
