astar
100 100
G111111111110111111111111111111111111111111111111111111111111111111111111111111111111111111111111111
1111111111011101110111111111111111111111111111111111111111111111111111111111111111111111111111111111
1011111111111111011111111100000000001111111111111111111111111111111111111111111111111111111111111111
1111111110101111111011100000000000000001111111111111111111111111111111111111111111111111111111111111
1101111111111111111111100111111110000001110011111111111111111111111111111111111111111111111111111111
1111111111010111111101100011111110000001111011111111111111111111101111111111111111111111111111111111
11101111111111111111111011111111100000000000000S1111111111111111111111111111111111111111111111111111
1111111111101111111110100011111110000000000111111111111111111111011111111111111111111111111111111111
1101111111111111111111100111111110000000111110001111111111111111111111111111111111111111111111111111
1111111111111111111111000100000000000001111111111111111111111110111111111111111111111111111111111111
1110111111111111111111111000111100011111111111111111111111111111111111111111111111111111111111111111
1111111111111111111111101111111111111111111111111111111111111101111111111111111111111111111111111111
1101111111111111111111111111111111111111111111111111111111110111111111111111111111111111111111111111
1111111111111111111111110111111111111111111111111111111111111111111111111111111111111111111111111111
1011111111111111111111111111111111111111111111111111111111101111111111111111111111111111111111111111
1111111111111111111111111011111111111111111111111111111111111111111111111111111111111111111111111111
1101111111111111111111111111111111111111111111111111111111011111111111111011111111111111111111111111
1111011111111111111111111101111111111111111111111111111111111111111111111110111111111111111111111111
1111111111111111111111111111111111111111111111111111111110111111111111110111101111111111111111111111
1110111111111111111111111110111111111111111111111111111111111111111111111111111011111111111111111111
1111111111111111111111111111111111111111111111111111111101111111111111101111111110111111111111111111
1111011111111111111111111111011111111111111111111111111111111111111111111111111111111111111111111111
1111111111111111111111111111111111111111111111111111111110000001111111011111111101111111111111111111
1110111111111111111111111111101111111111111111111111111110000001111111111111111111111111111111111111
1111111111111111111111111111111111111111111111111111111110000001111110111111111011111111111111111111
1111011111111111111111111111110111111111111111111011111110000001111111111111111111111111111111111111
1111111111111111111111111111111111111111111111111110111011111111011101111111110111111111111111111111
1111101111111111111111111111111011111111111111110111101111111111110111111111111111111111111111111111
1111111111111111111111111111111111111111111111111111111111111111111111111111101111111111111111111111
1111110111111111111111111111111101111111111111111011111111111111111111111111111111111111111111111111
1111111111111111111111111111111111111111111111111111111111111111111111111111011111111111111111111111
1111101111111111111111111111111110111111111111111101111111111111111111111111111111111111111111111111
1111111111111111111111111111111111111111111111111111111111111111111111111110111111111111111111111111
1111110111111111111111111111111101111111111111111011111111111111111111111111111111111111111111111111
1111111101111111111111111111111111111111111111111110111111111111111111111111011111111111111111111111
1111111111111111111111111111111011111111111111110111101110111110111111111111110111111111111111111111
1111111011111111111111111111111111111111111111111111111011101111111111111111111101111111111111111111
1111111111111111111111111111110111111111111111101111111111111101111111111111111111011111111111111111
1111110111111111111111111111111111111111111111111111111111110111111111111111111111110111111111111111
1111111111111111111111111111111011111111111111011111111111111111111111111111111110111111111111111111
1111101111111111111111111111111111111111111111111111111111111111111111111111111011101111111111111111
1111111111111111111111111111110111111111111110111111111111111111111111111111111111111111111111111111
1111011111111111111111111111111111111111111111111111111111111111111111111111111111111111111111111111
1111111111111111111111111111111011111111111101111111111111111111111111111111111111111111111111111111
1110111111111111111111111111111111111011110111111111111111111111111111111111111111111111111111111111
1111111111111111111111111111111101011110111111111111111111111111011111111111111111111111111111111111
1101111111111111111111111111111111110111101011111111111111111111111111111111111111111111111111111111
1111111111111111111111111111111110111101111111111111111111111110101111111111111111111111111111111111
1110111111111111111111111111111111111111011101111111111111111111111011111111111111111111111111111111
1111111111111111111111111111111111111111111111111111111111111101111111111111111111111111111111111111
1111011111111111111111111111111111111111111110111111111111111111111101111111111111111111111111111111
1111111111111111111111111111111111111111111111111111111111111011111111101111111111111111111111111111
1111101111111111111111111111111111111111111111011111111111111111111110111111111111111111111111111111
1111111111111111111111111111111111111111111111110111111111110111111111101111111111111111111111111111
1111011111111111111111111111111111111111111111111101111111111111111111111111111111111111111111111111
1111111111111111111111111111111111111111111111101111111111101111111111110111111111111011111111111111
1110111111111111111111111111111111111111111111111110111111111111111111111111111111111111111111111111
1111111111111111111111111111111111111111111111011111110111011111111111111011111111110101111111111111
1101111111111111111111111111111111111111111111111111011101111111111111111111111111111111111111111111
0111111111111111111111111111111111111111111110111111111111111111111111111111111111101110111111111111
1111111111111111111111111111111111111101111111111111111111111111111111111111111111111111111111111111
1011111111111111111111111111111111110111111101011111111111111111111111111111111111011111011111111111
1110111111111111111111111111111011111110111111111111111110111011111111111111111111111111111111111111
1111111111111111111111111111111111101111111011101111111011101111111111111111111110111111101111111111
1111011111111111111111101111111101111111011111111111111111111101111111111111111111111111111111111111
1111111111111111111110111111111111011111110111110111111101111111111111111111111101111111011111111111
1110111111111111111111110111111111111111111111111101111111111110111111111111111111111111111111111111
1111111111111111111101111111111111111111111111110111101011111111111111111111111011111110111111111111
1101111111111111111111111011111111111111111111011110011111111111011111111111111111111111111111111111
1111111111111111111011111111111111111111111101111111110111111111111111111111110111111101111111111111
1110111111111111111111110111111111111111111111111111111111111111101111111111111111111111111111111111
1111111111111111111111111101111111111111111110111111111111111111111011111111101111111110111111111111
1101111111111111111111111111111111111111111111111111111111111111110110111111111111111111111111111111
1111111111111111111111111011111111111111111111011111111111111111111111101111011111111111011111111111
1110111111111111111111111111111111111111111111111111111111111111111011111011111111111111111111111111
1111111111111111111111111101111111111111111110111111111110111111111111111110111111111111101111111111
1101111111111111111111110111101110111111111011111111111111101111111101111111111111111111111111111111
1111111111111111111111011110111011111111111111111111111101111111111111111111111111111111011111111111
1011111111111111111111111111111111011111110111111111111111110111111110111111111111111111111111111111
1111111111111111111110111101110111111111011111111111111011111111111111111111111111111110111111111111
1101111111111111111111111111111111101111111111111111111111111011111111011111111111111111111111111111
1111011111111111111111011111111111111110111111111111110111111111111111111111111111111111011111111111
1111111111111111111111111111111111110111111111111111111111111101111111101111111111111111111111111111
1110111111111111111111101111111111111101111111111111101111111111111111111111111111111111101111111111
1111111111111111111111111111111111111111111111111111111111111011111111011111111111111111111111111111
1101111111111111111111010111111111111110111111111111011111101111111111111111111111111111110111111111
1111111111111111111111111101111111111111111111111111111111111111111110111111111111111111111111111111
1110111111111111111111101111111111110111011111111110111111011111111111111111111111111111111011111111
1111111111111111111111111111111111111101111111111111111101111111111101111111111111111111111111111111
1101111111111111111111111111111111110111011111111101111111111111111111111111111111111111110111111111
0111111111111111111111111111111111111111110111111111111011111111111011111111111111111111111111111111
1111111111111111111111111111111111111111111111111011101111111111111111111111111111111111101111111111
1011111111111111110111111111111101111111101111111111111111111111110111111111111111111111111111111111
1110111111111111111101111111111111011111111111110111011111111111011111111111111111111111110111111111
1111111111111111101111011111111011110111111111111111110111111101111111111111111111111111111111111011
1101111111111111111111110111111111111101111111101111111101110111111111111111111111111111101111111111
1111011111111111110111111101110111111111011111111111111111011111111111111111111111111111111111110111
1111111011101111011111111111011111111111110111011111111111111111111111111111111111111111011111111111
1111101110111011111111111111111111111111111101111111111111111111111111111111111111111111111011101111
1111111111111110111111111111111111111111111111111111111111111111111111111111111111111111101110111111
