bfs
50 50
G1111111111111111111111111111111111111111111111111
11011111111111111111111111111111111111111111111111
11111111111111111111111111111111111111111111111111
11101111111111111111111111111111111111111111111111
11111111111111111111111111111111111111111111111111
11110111111111111111111111111111111111111111111111
11111101111111111111111111111111111111111111111111
11111111011111111111111111111111111111111111111111
11111111110111111111111111111111111111111111111111
11111111111101111111111111111111111111111111111111
11111111111111111111111111111111111111111111111111
11111111111110111111111111111111111111111111111111
11111111111111101111111111111111111111111111111111
11111111111111111111111111111111111111111111111111
11111111111111110111111111111111111111111111111111
11111111111111111111111111111111111111111111111111
11111111111111101111111111111111111111111111111111
11111111111111111111111111111111111111111111111111
11111111111111110111111111111111111111111111111111
11111111111111111111111111111111111111111111111111
11111111111111101111111111111111111111111111111111
11111111111111111111111111111111111111111111111111
11111111111111011111111111111111111111111111111111
11111111111111111111111111111111111111111111111111
11111111111110111111111111111111111111111111111111
11111111111111111111111111111111111111111111111111
11111111111101111111111111111111111111111111111111
11111111111111111111111111111111111111111111111111
11111111111011111111111111111111111111111111111111
11111111111111111111111111111111111111111111111111
11111111111101111111111111111111111111111111111111
11111111111111111111111111111111111111111111111111
11111111111011111111111111111111111111111111111111
11111111111111111111111111111111111111111111111111
11111111110111111111111111111111111111111111111111
11111111111111111111111111111111111111111111111111
11111111101111111111111111111111111111111111111111
11111111111111111111111111111111111111111111111111
11111111011111111111111111111111111111111111111111
11111111111111111111111111111111111111111111111111
11111110111111111111111111111111111111111111111111
11111111111111111111111111111111111111111111111111
11111111011111111111111111111111111111111111111111
11111111110111111111111111111111111111111111111111
11111111111101111111111111111101110111101111011111
11111111111111011110111011111111011101111011110011
11111111111111111011101110111011111111011110111101
11111111111111101111111111101111111111110111110101
11111111111111111111111111111111111111011101111111
1111111111111111111111111111111111111111111111111S
