199 0
197 1
195 0
193 1
191 0
189 1
187 0
185 1
183 0
181 1
179 0
177 1
175 0
173 1
171 0
169 1
167 0
165 1
163 0
161 1
159 0
157 1
155 0
153 1
151 0
149 1
147 0
145 1
143 0
141 1
139 0
137 1
135 0
133 1
131 0
129 1
127 0
125 1
123 0
121 1
119 0
117 1
115 0
113 1
111 0
109 1
107 0
105 1
103 0
101 1
99 0
97 1
95 0
93 1
91 0
89 1
87 0
85 1
83 0
81 1
79 0
77 1
75 0
73 1
71 0
69 1
67 0
65 1
63 0
61 1
59 0
57 1
55 0
53 1
51 0
49 1
47 0
45 1
43 0
41 1
39 0
37 1
35 0
33 1
31 0
29 1
27 0
25 1
23 0
21 1
19 0
17 1
15 0
13 1
11 0
9 1
7 0
5 1
3 0
1 1
0 3
1 5
3 4
5 3
6 1
8 0
9 2
11 1
13 0
15 1
17 0
19 1
21 0
23 1
25 0
27 1
29 0
31 1
33 0
35 1
37 0
39 1
41 0
43 1
45 0
47 1
49 0
51 1
53 0
55 1
57 0
59 1
61 0
63 1
65 0
67 1
69 0
71 1
73 0
75 1
77 0
79 1
81 0
83 1
85 0
87 1
89 0
91 1
93 0
95 1
97 0
99 1
101 0
103 1
105 0
107 1
109 0
111 1
113 0
115 1
117 0
119 1
121 0
123 1
125 0
127 1
129 0
131 1
133 0
135 1
137 0
139 1
141 0
143 1
145 0
147 1
149 0
151 1
153 0
155 1
157 0
159 1
161 0
163 1
165 0
167 1
169 0
171 1
173 0
175 1
177 0
179 1
181 0
183 1
185 0
187 1
189 0
191 1
193 0
195 1
197 2
198 0
196 1
194 0
192 1
190 0
188 1
186 0
184 1
182 0
180 1
178 0
176 1
174 0
172 1
170 0
168 1
166 0
164 1
162 0
160 1
158 0
156 1
154 0
152 1
150 0
148 1
146 0
144 1
142 0
140 1
138 0
136 1
134 0
132 1
130 0
128 1
126 0
124 1
122 0
120 1
118 0
116 1
114 0
112 1
110 0
108 1
106 0
104 1
102 0
100 1
98 0
96 1
94 0
92 1
90 0
88 1
86 0
84 1
82 0
80 1
78 0
76 1
74 0
72 1
70 0
68 1
66 0
64 1
62 0
60 1
58 0
56 1
54 0
52 1
50 0
48 1
46 0
44 1
42 0
40 1
38 0
36 1
34 0
32 1
30 0
28 1
26 0
24 1
22 0
20 1
18 0
16 1
14 0
12 1
13 3
11 4
9 3
8 1
6 0
5 2
3 1
1 0
0 2
2 1
0 0
Expanded Nodes: 400
