47 6
46 8
45 6
43 5
42 7
40 6
38 7
36 6
34 5
33 3
31 2
29 3
27 2
25 3
24 5
25 7
24 9
23 11
24 13
25 15
26 17
27 19
28 21
29 23
30 25
31 27
32 29
33 31
32 33
31 35
30 37
31 39
30 41
31 43
32 45
33 47
34 45
36 46
38 47
40 48
41 46
42 44
43 46
44 48
45 50
46 52
48 53
47 55
46 57
45 59
46 61
47 63
48 65
50 66
51 68
53 67
54 69
55 67
56 65
55 63
57 62
59 63
61 62
62 64
63 66
64 68
65 70
66 72
67 74
68 76
69 78
70 80
71 82
70 84
69 86
68 88
67 90
66 92
64 93
62 94
60 95
58 96
56 95
54 94
52 93
53 91
55 90
56 88
58 87
59 85
61 84
62 82
61 80
60 78
59 76
57 75
56 77
55 79
54 81
53 83
52 85
51 87
50 89
49 91
48 93
47 95
46 97
44 98
42 97
40 96
38 95
36 94
34 93
32 92
31 94
30 96
28 97
26 96
24 95
22 94
20 93
18 92
17 94
18 96
16 97
15 99
13 98
11 97
9 98
7 97
5 98
4 96
2 95
3 93
1 92
0 90
2 89
3 87
2 85
3 83
4 81
2 80
1 78
2 76
3 74
2 72
3 70
2 68
3 66
4 64
3 62
1 61
0 59
2 58
3 56
4 54
5 52
4 50
3 48
2 46
3 44
4 42
5 40
6 38
7 36
8 34
6 33
5 31
6 29
5 27
4 25
3 23
4 21
3 19
4 17
2 16
1 14
2 12
3 10
2 8
3 6
2 4
1 2
0 0
Expanded Nodes: 489
