2 1
3 3
4 5
5 7
6 9
7 11
6 13
5 15
4 17
3 19
4 21
5 23
6 25
5 27
4 29
3 31
4 33
3 35
2 37
3 39
4 41
3 43
4 45
5 47
6 49
5 51
4 53
5 55
6 57
7 59
8 61
7 63
6 65
5 67
4 69
5 71
4 73
3 75
2 77
1 79
0 81
1 83
2 85
3 87
2 89
3 91
2 93
1 95
2 97
3 99
4 101
5 103
6 105
7 107
8 109
9 111
10 113
9 115
8 117
7 119
8 121
7 123
6 125
7 127
8 129
9 131
10 133
11 135
12 137
11 139
12 141
11 143
10 145
11 147
12 149
13 151
11 152
12 154
11 156
12 158
11 160
12 162
11 164
12 166
13 168
12 170
13 172
14 174
13 176
12 178
13 180
12 182
13 184
12 186
11 188
12 190
11 192
12 194
13 196
11 195
Expanded Nodes: 5531
