102 199
100 198
101 196
102 194
103 192
104 190
105 188
106 186
107 184
108 182
109 180
110 178
111 176
112 174
113 172
114 170
115 168
116 166
117 164
118 162
119 160
120 158
121 156
122 154
124 153
125 151
127 150
128 148
129 146
131 145
132 143
133 141
134 139
135 137
134 135
135 133
136 131
137 129
138 127
139 125
140 123
141 121
142 119
143 117
142 115
144 114
146 113
147 111
146 109
145 107
144 105
145 103
146 101
147 99
146 97
147 95
146 93
145 91
144 89
143 87
142 85
143 83
144 81
143 79
144 77
143 75
142 73
141 71
140 69
141 67
140 65
139 63
138 61
137 59
136 57
135 55
134 53
133 51
132 49
131 47
130 45
129 43
128 41
126 40
125 38
124 36
123 34
122 32
121 30
119 29
118 27
117 25
116 23
115 21
114 19
113 17
112 15
111 13
109 12
108 10
107 8
105 7
103 8
101 7
99 6
97 7
95 8
93 7
91 8
89 9
87 10
85 9
83 10
81 11
79 12
77 13
75 14
73 15
72 17
70 18
69 20
68 22
67 24
66 26
65 28
64 30
63 32
62 34
61 36
60 38
59 40
58 42
59 44
60 46
58 47
57 49
56 51
54 52
52 53
50 54
49 56
48 58
47 60
45 61
43 62
41 63
40 65
39 67
38 69
37 71
38 73
39 75
38 77
39 79
38 81
39 83
38 85
39 87
40 89
39 91
40 93
39 95
40 97
39 99
38 101
39 103
40 105
39 107
40 109
41 111
42 113
43 115
44 117
45 119
46 121
47 123
48 125
49 127
50 129
49 131
50 133
51 135
50 137
51 139
50 141
49 143
48 145
47 147
46 149
45 151
44 153
43 155
44 157
43 159
42 161
41 163
40 165
39 167
38 169
37 171
36 173
35 175
34 177
33 179
32 181
31 183
30 185
29 187
28 189
27 191
26 193
25 195
24 197
23 199
Expanded Nodes: 27168
