astar
200 200
00000000000000000000000000000000000000000000000000000000000000000000000000000000000000000000000000000000000000000000000000000000000000000000000000000000000000000000000000000000000000000000000000000000
00000000000000000000000000000000000000000000000000000000000000000000000000000000000000000000000000000000000000000000000000000000000000000000000000000000000000000000000000000000000000000000000000000000
00000000000000000000000000000000000000000000000000000000000000000000000000000000000000000000000000000000000000000000000000000000000000000000000000000000000000000000000000000000000000000000000000000000
00000000000000000000000000000000000000000000000000000000000000000000000000000000000000000000000000000000000000000000000000000000000000000000000000000000000000000000000000000000000000000000000000000000
00000000000000000000000000000000000000000000000000000000000000000000000000000000000000000000000000000000000000000000000000000000000000000000000000000000000000000000000000000000000000000000000000000000
00000000000000000000000000000000000000000000000000000000000000000000000000000000000000000000000000000000000000000000000000000000000000000000000000000000000000000000000000000000000000000000000000000000
00000000000000000000000000000000000000000000000000000000000000000000000000000000000000000000000000000000000000000000000000000000000000000000000000000000000000000000000000000000000000000000000000000000
00000000000000000000000000000000000000000000000000000000000000000000000000000000000000000000000000000000000000000000000000000000000000000000000000000000000000000000000000000000000000000000000000000000
00000000000000000000000000000000000000000000000000000000000000000000000000000000000000000000000001111100100000000000000000000000000000000000000000000000000000000000000000000000000000000000000000000000
00000000000000000000000000000000000000000000000000000000000000000000000000000000000000000001111111111111111111110000000000000000000000000000000000000000000000000000000000000000000000000000000000000000
00000000000000000000000000000000000000000000000000000000000000000000000000000000000000001111111111111111111000001110000000000000000000000000000000000000000000000000000000000000000000000000000000000000
00000000000000000000000000000000000000000000000000000000000000000000000000000000000011111111111111111101001110000000000000000000000000000000000000000000000000000000000000000000000000000000000000000000
00000000000000000000000000000000000000000000000000000000000000000000000000000000011111111111111111111111100000000000000000000000000000000000000000000000000000000000000000000000000000000000000000000000
00000000000000000000000000000000000000000000000000000000000000000000000000000000111111111111111111111111110000000000000000000000000000000000000000000000000000000000000000000000000000000000000000000000
00000000000000000000000000000000000000000000000000000000000000000000000000000111011111111111111111111111111000100000000000000000000000000000000000000000000000000000000000000000000000000000000000000000
00000000000000000000000000000000000000000000000000000000000000000000000000001111111111111111111111111111111100000000000000000000000000000000000000000000000000000000000000000000000000000000000000000000
00000000000000000000000000000000000000000000000000000000000000000000000000111011111111111111111111100101000000000000000000000000000000000000000000000000000000000000000000000000000000000000000000000000
00000000000000000000000000000000000000000000000000000000000000000000000001111111111111111111111111111111111111000000000000000000100000000000000000000000000000000000000000000000000000000000000000000000
00000000000000000000000000000000000000000000000000000000000000000000000011111111111111111111111111111111111111110000000100000000000000000000000000000000000000000000000000000000000000000000000000000000
00000000000000000000000000000000000000000000000000000000000000000000000111111111111111111111111110110011111100011000000000000000000000000000000000000000000000000000000000000000000000000000000000000000
00000000000000000000000000000000000000000000000000000000000000000000000111111101111100111111111111111111110000000010000000000000001000000000000000000000000000000000000000000000000000000000000000000000
00000000000000000000000000000000000000000000000000000000000000000000011111111011000001111111011111101100001100000000010000011000000110000000000000000000000000000000000000000000000000000000000000000000
00000000000000000000000000000000000000000000000000000000000000000000011111111110001111110111111111111111111100000000001100000100000001100000000000000000000000000000000000000000000000000000000000000000
00000000000000000000000000000000000000000000000000000000000000000000001101111100011110111111111111111111111111101000000011000000000000110000000000000000000000000000000000000000000000000000000000000000
00000000000000000000000000000000000000000000000000000000011111000000000010010110111100111001111111111111111111100000010000011000000000001000000000000000000000000000000000000000000000000000000000000000
00000000000000000000000000000000000000000000000000000001111100000000000101111111110001111111111111111111111000000000000000000010000000000000000000000000000000000000000000000000000000000000000000000000
00000000000000000000000000000000000000000000000000001111111000000000001101111110100111111111111111111110110000000000000000000000000000000000000000000000000000000000000000000000000000000000000000000000
00000000000000000000000000000000000000000000000000111111001100000000000011101100001100010011111111111111111111001000000000000000000000000000000000000000000000000000000000000000000000000000000000000000
00000000000000000000000000000000000000000000000001111111111110000000000111111001000000111111111111111111111111111011100000000000011000000000000000000000000000000000000000000000000000000000000000000000
00000000000000000000000000000000000000000000000011111111111000000000001111110000110000001111111111111111111111111001100000000000000000000000000000000000000000000000000000000000000000000000000000000000
00000000000000000000000000000000000000000000000111111111000000000000001111111111100000000000111111111111111111111111111100000000000000000000000000000000000000000000000000000000000000000000000000000000
00000000000000000000000000000000000000000000000111111110000000000000111111111111100000000000000011111110011100001101111111101110000000000000000000000000000000000000000000000000000000000000000000000000
00000000000000000000000000000000000000000000001111111100100001100000111111111111110000000000000111111111100111000100100000000000000000000000000000000000000000000000000000000000000000000000000000000000
00000000000000000000000000000000000000000000011111111100011100000001111111111111111101100000110100111111111011111000000000000000010000000000000000000000000000000000000000000000000000000000000000000000
00000000000000000000000000000000000000000000111111111011110000011000111111111111111111101100000000001111111111111100000010000001101001000000000000000000000000000000000000000000000000000000000000000000
00000000000000000000000000000000000000000000111111111111110010001111111111111111111111110000001100000001111111111111100001000000000100110000100000000000000000000000000000000000000000000000000000000000
00000000000000000000000000000000000000000001111111111111111110000011111111111111111111111111111111010000111111011111110000010000000000111000000000000000000000000000000000000000000000000000000000000000
00000000000000000000000000000000000000000001111111111111111100000111111111111111111111111111111111111100001111110111111000000001000000011100010000000000000000000000000000000000000000000000000000000000
00000000000000000000000000000000000000000011111111111111111000001111111111111111111111111111111111111111000111111111011100000000000000000111000100100000000000000000000000000000000000000000000000000000
00000000000000000000000000000000000000000111111111111111100000001111111111111111111111111111111111111111100001111011000111100000000000010000100000000000000000000000000000000000000000000000000000000000
00000000000000000000000000000000000000000111111111111111000000011111111111111111111111111111111111111111111101111101000011111000000000000000000000000000000000000000000000000000000000000000000000000000
00000000000000000000000000000000000000000110011111111110011011011111111111111111111111111111111111111111111111111100100011011000001000000000000000000000000000000000000000000000000000000000000000000000
00000000000000000000000000000000000000000110111111111111100110011111111111111111111111111111111111111111111111111110000001100101000000000000000000000000000000000000000000000000000000000000000000000000
00000000000000000000000000000000000000000000111111111111101100111111111111111111111111111111111111111111111111111111000001100000000000000000000000000000000000000000000000000000000000000000000000000000
00000000000000000000000000000000000000000011111111111111011001111111111111111111111111111111111111111111111111111111100000010000001000000000000000000000000000000000000000000000000000000000000000000000
00000000000000000000000000000000000000000100111111111111111111111111111111111111111111111111111111111111111111111111110000010000000000000000000100000000000000000000000000000000000000000000000000000000
00000000000000000000000000000000000000001100111111111101111100111111111111111111111111111111111111111111111111111111111100001000000010000000000000000000000000000000000000000000000000000000000000000000
00000000000000000000000000000000000000001000101111111010010011111111111111111111111111111111111111111111111111111111111110001000000001000000000000000000000010000000000000000000000000000000000000000000
00000000000000000000000000000000000000000000111111111000011111111111111111111111111111111111111111111111111111111111111111101100000000000000000000000000000000000000000000000000000000000000000000000000
00000000000000000000000000000000000000000000111110111000101111111111111111111111111111111111111111111111111111111111111111111110000000000000000000000000000000000000000000000000000000000000000000000000
00000000000000000000000000000000000000000000111110110000001111111111111111111111111111111111111111111111111111111111111111111110000000000000000000000000000000000000000000000000000000000000000000000000
00000000000000000000000000000000000000000000110111100000011111111111111111111111111111111111111111111111111111111111111111111111000000000000000000000000000000000000000000000000000000000000000000000000
00000000000000000000000000000000000000000010100100100000011111111111111111111111111111111111111111111111111111111111111111111111000000000000000000000000000000000000000000000000000000000000000000000000
00000000000000000000000000000000000000000010100101000000011111111111111111111111111111111111111111111111111111111111111111111111100000000000000000000000000000000000000000000000000000000000000000000000
00000000000000000000000000000000000000000010000000000000111111111111111111111111111111111111111111111111111111111111111111111111110000000000000000000000000000000000000000000000000000000000000000000000
00000000000000000000000000000000000000000010000000010001111111111111111111111111111111111111111111111111111111111111111111111111110000000000000000000000000000000000000000000000000000000000000000000000
00000000000000000000000000000000000000000010000000100001111111111111111111111111111111111111111111111111111111111111111111111111110000000000000000000000000000000000000000000000000000000000000000000000
00000000000000000000000000000000000000000000000000101111111111111111111111111111111111111111111111111111111111111111111111111111111000000000000000000000000000000000000000000000000000000000000000000000
00000000000000000000000000000000000000000100000000111111111111111111111111111111111111111111111111111111111111111111111111111111111000000000000000000000000000000000000000000000000000000000000000000000
00000000000000000000000000000000000000000000000000111111111111111111111111111111111111111111111111111111111111111111111111111111111000010000000000000000000000000000000000000000000000000000000000000000
00000000000000000000000000000000000000000000000000111111111111111111111111111111111111111111111111111111111111111111111111111111110000000000000000000000000000000000000000000000000000000000000000000000
00000000000000000000000000000000000000000001000000111111111111111111111111111111111111111111111111111111111111111111111111111111111000000000000000000000000000000000000000000000000000000000000000000000
00000000000000000000000000000000000000000000111100111111111111111111111111111111111111111111111111111111111111111111111111111111111100000000000000000000000000011000000000000000000000000000000000000000
00000000000000000000000000000000000000000001111100111111111111111111111111111111111111111111111111111111111111111111111111111111111110000000000000000000000000011000000000000000000000000000000000000000
00000000000000000000000000000000000000000011111111111111111111111111111111111111111111111111111111111111111111111111111111111111111110001000000000000000000000011000000000000000000000000000000000000000
00000000000000000000000000000000000000000011111111111111111111111111111111111111111111111111111111111111111111111111111111111111111110001000000000000000000000001000000000000000000000000000000000000000
00000000000000000000000000000000000000000111111111111111111111111111111111111111111111111111111111111111111111111111111111111111111110000001000000000000000001001000000000000000000000000000000000000000
00000000000000000000000000000000000000001111111111111111111111111111111111111111111111111111111111111111111111111111111111111111111110000001100000000000000001111000000000000000000000000000000000000000
00000000000000000000000000000000000000001111111111111111111111111111111111111111111111111111111111111111111111111111111111111111111111110001000000000000000000111000000000000000000000000000000000000000
00000000000000000000000000000000000000001111111111111111111111111111111111111111111111111111111111111111111111111111111111111111111111100001000000000000000000111000000000000000000000000000000000000000
00000000000000000000000000000000000000011011111111111111111111111111111111111111111111111111111111111111111111111111111111111111111111101001000000000000000000011000000000000000000000000000000000000000
00000000000000000000000000000000000000010111111111111111111111111111111111111111111111111111111111111111111111111111111111111111111111111011000000000000000000011000000000000000000000000000000000000000
00000000000000000000000000000000000000011111111111111111111111111111111111111111111111111111111111111111111111111111111111111111111111111011100000000010000000000000000000000000000000000000000000000000
00000000000000000000000000000000000000001111111111111111111111111111111111111111111111111111111111111111111111111111111111111111111111110110100000010111000000000000000000000000000000000000000000000000
00000000000000000000000000000000000000001111111111100111111111111111111111111111111111111111111111111111111111111111111111111111111111111111110110111111000000000000000000000000000000000000000000000000
00000000000000000000000000000000000000001111111111100011111111111111111111111111111111111111111111111111111111111111111111111111111111111011001000111111100000000000000000000000000000000000000000000000
00000000000000000000000000000000000000000111111111110011111111111111111111111111111111111111111111111111111111111111111111111111111111111111011000111111000000000000000000000000000000000000000000000000
00000000000000000000000000000000000000001111111111110001111111111111111111111111111111111111111111111111111111111111111111111111111111111111111000011111000000000000000000000000000000000000000000000000
00000000000000000000000000000000000000001111111111111000111111111111111111111111111111111111111111111111111111111111111111111111111111111110110000001101000000000000000000000000000000000000000000000000
00000000000000000000000000000000000000001111111111111000001111111111111111111111111111111111111111111111111111111111111111111111111111111111101000000000100000000000000000000000000000000000000000000000
00000000000000000000000000000000000000001111111111111100000111111111111111111111111111111111111111111111111111111111111111111111111111111111111000000000000000000000000000000000000000000000000000000000
00000000000000000000000000000000000000001111111111111100000011111111111111111111111111111111111111111111111111111111111111111111111111111111111001000000000000000000000000000000000000000000000000000000
00000000000000000000000000000000000000001101111111111110000000000000000000111111111111111111111111111111111111111111111111111111111111111111111000000000000000000000000000000000000000000000000000000000
00000000000000000000000000000000000000001101111111111110000000000011010000000000000111111111111111111111111111111111111111111111100111111111110000000000000000000000000000000000000000000000000000000000
00000000000000000000000000000000000000001101111111111111000000001111111011111110000000000001111111111111111111111111111111111000000111101111110100000000001000000000000000000000000000000000000000000000
00000000000000000000000000000000000000001111111111111111100000001111000111100000000000000000001111111111111111111111111110000000001111000000010000000000001000000000000000000000000000000000000000000000
00000000000000000000000000000000000000001111111111111111110000000100011110000001000000000110000000111111111111111111111000000000000100000000010000000000000000000000000000000000000000000000000000000000
00000000000000000000000000000000000000001111111111111111111000000001110000110011000000000001110000001111111111111111000000000000000000000000000000000000000000000000000000000000000000000000000000000000
00000000000000000000000000000000000000001111111111111111111110000001110001110000001100011000000000000011111111110000000000000000000000000000000000000100000000000000000000000000000000000000000000000000
00000000000000000000000000000000000000000111111111111111111110000001111111110000000100001110000000100000000000000000000000000000000000000000000000000000000000000000000000000000000000000000000000000000
00000000000000000000000000000000000000000111111111111111111110000000111111110000000001000011100001100000000000000000000000000000000000000000000000000000000000000000000000000000000000000000000000000000
00000000000000000000000000000000000000000111111111111111111110000000111111111110000011000000100011100000000000000000000000000000000000000000000000000000000000000000000000000000000000000000000000000000
00000000000000000000000000000000000000000111111111111111111110000000000011111111111111110000001110000111111100000000000000000000000000000000000000000000010000000000000000000000000000000000000000000000
00000000000000000000000000000000000000000111111111111111111110011000000001111111111111111000011110000111111111000000000000000001000000000000000000000000000000000000000000000000000000000000000000000000
00000000000000000000000000000000000000000111111111111111111111011110000011111111111111111111111100001111111111000000000000000000000100000000000001000001000000000000000000000000000000000000000000000000
00000000000000000000000000000000000000000111111111111111111111011111000011111111111111111111111100001111111111000000000000000000001000000000000001000001100000000000000000000000000000000000000000000000
00000000000000000000000000000000000000000111111111111111111111011111000011111111111111111111111000011111111111100000000000000000000000000000000001000011000000000000000000000000000000000000000000000000
00000000000000000000000000000000000000000111111111111111111111001111110011111111111111111101111100011111111111100000000000000000000000000000000000000111000000000000000000000000000000000000000000000000
00000000000000000000000000000000000000000111111111111111111111101111110011111111111111111111111110111111111111100000000000000001100110000000001011001111000000000000000000000000000000000000000000000000
00000000000000000000000000000000000000000111111111111111111111110011111111111111111111111111111101111111111111100000000000111111111111100000001111001110000000000000000000000000000000000000000000000000
00000000000000000000000000000000000000000111111111111111111111111100001111111111111111101111111001111111111111100000000000011111111111110000000010001110000000000000000000000000000000000000000000000000
00000000000000000000000000000000000000001111111111111111111111111111100000111111111110111111111011111111111111100000000000001111111111000000000000001110000000000000000000000000000000000000000000000000
00000000000000000000000000000000000000000111111111111111111111111111111100000001111111111111110111111111111111100000100000000011111110000010000000011110000000000000000000000000000000000000000000000000
00000000000000000000000000000000000000000111111111111111111111111111111111111100000000000100001111111111111111000000010000000000000000000011101100011111000000000000000000000000000000000000000000000000
00000000000000000000000000000000000000000111111111111111111111111111111111111111111110000000111111111111111111000000000100000000000000000001100100011111000000000000000000000000000000000000000000000000
00000000000000000000000000000000000000000111111111111111111111111111111111111111111111011111111111111111111111011000000011111111100000000010111000111111000000000000000000000000000000000000000000000000
00000000000000000000000000000000000000000111111111111111111111111111111111111111111111111111111111111111111111111000000000000000000000000000000001011111000000000000000000000000000000000000000000000000
00000000000000000000000000000000000000000111111111111111111111111111111111111111111111111111111111111111111111111001100000000000000000000000000000000000000000000000000000000000000000000000000000000000
00000000000000000000000000000000000000000111111111111111111111111111111111111111111111111111111111111111111111110000111000011110011100111110111000100000000000000000000000000000000000000000000000000000
00000000000000000000000000000000000000000111111111111111111111111111111111111111111111111111111111111111111111010000011111111111111111111111011001000000000000000000000000000000000000000000000000000000
00000000000000000000000000000000000000000111111111111111111111111111111111111111111111111111111111111111111111010000111111111111111111111111111101000000000000000000000000000000000000000000000000000000
00000000000000000000000000000000000000000011111111111111111111111111111111111111111100111111111111111111111111000000001111111111111111111111011101001100000000000000000000000000000000000000000000000000
00000000000000000000000000000000000000000011111111111111111111111111111111111111111000111111111111111111111111001100000111111111111111111111111101001100000000000000000000000000000000000000000000000000
00000000000000000000000000000000000000000001111111111111111111111111111111111111110001111111111111111111111111111100000011111111111111111111111101001100000000000000000000000000000000000000000000000000
00000000000000000000000000000000000000000001111111111111111111111111111111111111000011111111111111111111111111111111000011111111111111111111110101111100000000000000000000000000000000000000000000000000
00000000000000000000000000000000000000000000111111111111111111111111111111111110000011111111111111111111111111011111100001111111111111111111110111111100000000000000000000000000000000000000000000000000
00000000000000000000000000000000000000000000011111111111111111111111111111111110000111111111111111111111111111001111000000111111111111111111110011111100000000000000000000000000000000000000000000000000
00000000000000000000000000000000000000000000001111111111111111111111111111111100001111111111111111111111111110000000000000011111111111111111111001111100000000000000000000000000000000000000000000000000
00000000000000000000000000000000000000000000000000111111111111111111111111111000011111111100011111111111111110000000000000011111111111111111111001111100000000000000000000000000000000000000000000000000
00000000000000000000000000000000000000000000000000111111111111111111111111110000111111111100000011111111111100000000000000001111111111111111100001111100000000000000000000000000000000000000000000000000
00000000000000000000000000000000000000000000000000111111111111111111111111100001111111111111000001111111111000000000000000001111111111111111100101111100000000000000000000000000000000000000000000000000
00000000000000000000000000000000000000000000000000111111111111111111111111100011111111111111111100111110110000000000000000000111111111111100000101111100000000000000000000000000000000000000000000000000
00000000000000000000000000000000000000000000000000111111111111111111111111000011111111111111111111111000000000000000000000000111111111111000000111111000000000000000000000000000000000000000000000000000
00000000000000000000000000000000000000000000000000111111111111111111111110000111111111111111111111111000000000000000000000000011111111110000000011111000000000000000000000000000000000000000000000000000
00000000000000000000000000000000000000000000000000011111111111111111111100001111111111111111111111111100000000000000000000000001111111100000000001000000000000000000000000000000000000000000000000000000
00000000000000000000000000000000000000000000000000011111111111111111111000111111111111111111111111111110000000000000000000000000111111000000000000000000000000000000000000000000000000000000000000000000
00000000000000000000000000000000000000000000000000011111111111111111111001111111111111111111111111111111011000000000000000000000011110000000000000000000000000000000000000000000000000000000000000000000
00000000000000000000000000000000000000000000000000011111111111111111111011111111111111111111111111111111111000000000000000000000001111100000000000000000000000000000000000000000000000000000000000000000
00000000000000000000000000000000000000000000000000011111111111111111110011111111111111111111111111111111111100000000000000000000001110000000000000000000000000000000000000000000000000000000000000000000
00000000000000000000000000000000000000000000000000011111111111111111110111111111111111111111111111111111111110000000000000000000000001100000000000000000000000000000000000000000000000000000000000000000
00000000000000000000000000000000000000000000000000011111111111111111110111111111111111111111111111111111111111000000000000000110000001100000000000000000000000000000000000000000000000000000000000000000
00000000000000000000000000000000000000000000000000011111111111111111110111100111111111111111111111111111111111000000000000000010000011100000000000000000000000000000000000000000000000000000000000000000
00000000000000000000000000000000000000000000000000001111111111111111111111111000001001111111111111111111111110000000000000000000000011100000000000000000000000000000000000000000000000000000000000000000
00000000000000000000000000000000000000000000000000001111111111111111111111111110000000000100111111111111111110000000000000000000000011100000000000000000000000000000000000000000000000000000000000000000
00000000000000000000000000000000000000000000000000001111111111111111111111111111000000001110110011111111110000000000000000000000000011100000000000000000000000000000000000000000000000000000000000000000
00000000000000000000000000000000000000000000000000001111111111111111111111111111100111111111111111000000000000000000000000000000000011000000000000000000000000000000000000000000000000000000000000000000
00000000000000000000000000000000000000000000000000001111111111111111111111111111111111111111111111110001110110011000000000000000000111100000000000000000000000000000000000000000000000000000000000000000
00000000000000000000000000000000000000000000000000001111111111111111111111111111111111111111111111111111110111111011000000000000001111000000000000000000000000000000000000000000000000000000000000000000
00000000000000000000000000000000000000000000000000001111111111111111111111111111111111111111111111111111111111111110000000000000111111000000000000000000000000000000000000000000000000000000000000000000
00000000000000000000000000000000000000000000000000000111111111111111111111111111111111111111111111111111111111111000000000000001111110000000000000000000000000000000000000000000000000000000000000000000
00000000000000000000000000000000000000000000000000000111111111111111111111111111111111111111111111111111111111010110000000000011111110000000000000000000000000000000000000000000000000000000000000000000
00000000000000000000000000000000000000000000000000000111111111111111111111111111111111111111111111111111111111111110000000000111111100000000000000000000000000000000000000000000000000000000000000000000
00000000000000000000000000000000000000000000000000001111111111111111111111111111111111111111111111111111111111111100000000001111111000000000000000000000000000000000000000000000000000000000000000000000
00000000000000000000000000000000000000000000000000011111111111111111111111111111111111111111111111111111111111111110000000011111111000000000000000000000000000000000000000000000000000000000000000000000
00000000000000000000000000000000000000000000000000011111111111111111111111111111111111111111111111111111111111111100000000011111111000000000000000000000000000000000000000000000000000000000000000000000
00000000000000000000000000000000000000000000000000011111111111111111111111111111111111111111111111111111111111111100000000011111110000000000000000000000000000000000000000000000000000000000000000000000
00000000000000000000000000000000000000000000000000111111111111111111111111111111111111111111111111111111111111111000000000111111100000000000000000000000000000000000000000000000000000000000000000000000
00000000000000000000000000000000000000000000000000111111111111111111111111111111111111111111111111111111111111100000000000111111000000000000000000000000000000000000000000000000000000000000000000000000
00000000000000000000000000000000000000000000000001111111111111111111111111111111111111111111111111111111111111000000000000111111000000000000000000000000000000000000000000000000000000000000000000000000
00000000000000000000000000000000000000000000000001111111111111111111111111111111111111111111111111111111111110000000000001111110000000000000000000000000000000000000000000000000000000000000000000000000
00000000000000000000000000000000000000000000000011111111111111111111111111111111111111111111111111111111111100000000000001111100000000000000000000000000000000000000000000000000000000000000000000000000
00000000000000000000000000000000000000000000000011111111111111111111111111111111111111111111111111111111111111110000000001111000000000000000000000000000000000000000000000000000000000000000000000000000
00000000000000000000000000000000000000000000000111111111111111111111111111111111111111111111111111111111111111111100010001110000000000000000000000000000000000000000000000000000000000000000000000000000
00000000000000000000000000000000000000000000001111111111111111111111111111111111111111111111111111111111111111111111110000100000000000000000000000000000000000000000000000000000000000000000000000000000
00000000000000000000000000000000000000000000001111111111111111111111111111111111111111111111111111111111111111111111100000000000000000000000000000000000000000000000000000000000000000000000000000000000
00000000000000000000000000000000000000000000011111111111111111111111111111111111111111111111111111111111111111111111100000000000000000000000000000000000000000000000000000000000000000000000000000000000
00000000000000000000000000000000000000000000011111111111111111111111111111111111111111111111111111111111111111111111100000000000000000000000000000000000000000000000000000000000000000000000000000000000
00000000000000000000000000000000000000000000011111111111111111111111111111111111111111111111111111111111111111111111111000000000000000000000000000000000000000000000000000000000000000000000000000000000
00000000000000000000000000000000000000000000011111111111111111111111111111111111111111111111111111111111111111111111111100000000000000000000000000000000000000000000000000000000000000000000000000000000
00000000000000000000000000000000000000000000011111111111111111111111111111111111111111111111111111111111111111111111110000000000000000000000000000000000000000000000000000000000000000000000000000000000
00000000000000000000000000000000000000000000011111111111111111111111111111111111111111111111111111111111111111111111100000000000000000000000000000000000000000000000000000000000000000000000000000000000
00000000000000000000000000000000000000000000011111111111111111111111111111111111111111111111111111111111111111111111111100000000000000000000000000000000000000000000000000000000000000000000000000000000
00000000000000000000000000000000000000000000001111111111111111111111111111111111111111111111111111111111111111111111000000000000000000000000000000000000000000000000000000000000000000000000000000000000
00000000000000000000000000000000000000000000001111111111111111111111111111111111111111111111111111111111111111111110000000000000000000000000000000000000000000000000000000000000000000000000000000000000
00000000000000000000000000000000000000000000001111111111111111111111111111111111111111111111111111111111111111010000000000000000000000000000000000000000000000000000000000000000000000000000000000000000
00000000000000000000000000000000000000000000001111111111111111111111111111011111111111111111111111111111111111100000000000000000000000000000000000000000000000000000000000000000000000000000000000000000
00000000000000000000000000000000000000000000000111111111111111111111111111001111111111111111111111111111111111100000000000000000000000000000000000000000000000000000000000000000000000000000000000000000
00000000000000000000000000000000000000000000000111111111111111111111111111100111111111111111111111111111111101000000000000000000000000000000000000000000000000000000000000000000000000000000000000000000
00000000000000000000000000000000000000000000000011111111111111111111111111110001111111111111111111111111111000000000000000000000000000000000000000000000000000000000000000000000000000000000000000000000
00000000000000000000000000000000000000000000000011111111111111111111111111111000011111111111111111111111000000000000000000000000000000000000000000000000000000000000000000000000000000000000000000000000
00000000000000000000000000000000000000000000000011111111111111111111111111111100001111111111111111111110000000000000000000010000000000000000000000000000000000000000000000000000000000000000000000000000
00000000000000000000000000000000000000000000000011111111111111111111111111111100000011111111111111110000000000000000000000110000000000000000000000000000000000000000000000000000000000000000000000000000
00000000000000000000000000000000000000000000000001111111111111111111111111110000000000000010010110000000000000000000000000110000000000000000000000000000000000000000000000000000000000000000000000000000
00000000000000000000000000000000000000000000000001111111111111111111111111111000000000000000000000000000000000000000000000110000000000000000000000000000000000000000000000000000000000000000000000000000
00000000000000000000000000000000000000000000000000111111111111111111111111111100000000000000000000000000000000000000000000110000000000000000000000000000000000000000000000000000000000000000000000000000
00000000000000000000000000000000000000000000000000111111111111111111111111111110000000000000000000000000000000000000000001110000000000000000000000000000000000000000000000000000000000000000000000000000
00000000000000000000000000000000000000000000000000011111111111111111111111111111000000000000000000000000000000000000000001111000000000000000000000000000000000000000000000000000000000000000000000000000
00000000000000000000000000000000000000000000000000011111111111111111111111111111110000000000000000000000000000000000000011111000000000000000000000000000000000000000000000000000000000000000000000000000
00000000000000000000000000000000000000000000000000001111111111111111111111111111111100000000000000000000000000000000000011111000000000000000000000000000000000000000000000000000000000000000000000000000
00000000000000000000000000000000000000000000000000001111111111111111111111111111111110000000000000000000000000000000000111111000000000000000000000000000000000000000000000000000000000000000000000000000
00000000000000000000000000000000000000000000000000000111111111111111111111111111111111100000000000000000000000000000000111111000000000000000000000000000000000000000000000000000000000000000000000000000
00000000000000000000000000000000000000000000000000000111111111111111111111111111111111100000000000000000000000000000001111111000000000000000000000000000000000000000000000000000000000000000000000000000
00000000000000000000000000000000000000000000000000000011111111111111111111111111110111110000000000000000000000000000001111111000000000000000000000000000000000000000000000000000000000000000000000000000
00000000000000000000000000000000000000000000000000000011111111111111111111111111111011111001000000000000000000000000011111111100000000000000000000000000000000000000000000000000000000000000000000000000
00000000000000000000000000000000000000000000000000000001111111111111111111111111111111111100110000000000000000000000011111111100000000000000000000000000000000000000000000000000000000000000000000000000
00000000000000000000000000000000000000000000000000000001111111111111111111111111111111111110110100000000000000000000111111111100000000000000000000000000000000000000000000000000000000000000000000000000
00000000000000000000000000000000000000000000000000000000111111111111111111111111111111111111010110000000000000000001111111111100000000000000000000000000000000000000000000000000000000000000000000000000
00000000000000000000000000000000000000000000000000000000111111111111111111111111111111111111111110000000000000000001111111111100000000000000000000000000000000000000000000000000000000000000000000000000
00000000000000000000000000000000000000000000000000000000011111111111111111111111111111111111111111000000000000000011111111111100000000000000000000000000000000000000000000000000000000000000000000000000
00000000000000000000000000000000000000000000000000000000011111111111111111111111111111111111111101100000000000000111111111111100000000000000000000000000000000000000000000000000000000000000000000000000
00000000000000000000000000000000000000000000000000000000001111111111111111111111111111111111111100000000000000001111111111111110000000000000000000000000000000000000000000000000000000000000000000000000
00000000000000000000000000000000000000000000000000000000000111111111111111111111111111111111111110000000000000011111111111111110000000000000000000000000000000000000000000000000000000000000000000000000
00000000000000000000000000000000000000000000000000000000000011111111111111111111111111111111110111000000000000111111111111111110000000000000000000000000000000000000000000000000000000000000000000000000
00000000000000000000000000000000000000000000000000000000000011111111111111111111111111111111111011000000000000111111111111111110000000000000000000000000000000000000000000000000000000000000000000000000
00000000000000000000000000000000000000000000000000000000000001111111111111111111111111111111111100000000000000011111111111111110000000000000000000000000000000000000000000000000000000000000000000000000
00000000000000000000000000000000000000000000000000000000000001111111111111111111111111111111111110000000000000111111111111111110000000000000000000000000000000000000000000000000000000000000000000000000
00000000000000000000000000000000000000000000000000000000000100111111111111111111111111111111111110000000000000111111111111111110000000000000000000000000000000000000000000000000000000000000000000000000
00000000000000000000000000000000000000000000000000000000000011111111111111111111111111111111111100000000000000001111111111111110000000000000000000000000000000000000000000000000000000000000000000000000
00000000000000000000000000000000000000000000000000000000000011111111111111111111111111111111111000000000000000000111111111111110000000000000000000000000000000000000000000000000000000000000000000000000
00000000000000000000000G000000000000000000000000000000000000111111111111111111111111111111111100000000S0000000000011111111111110000000000000000000000000000000000000000000000000000000000000000000000000
