2 199
0 198
2 197
1 195
2 193
3 191
4 189
5 187
6 185
8 184
7 182
6 180
5 178
6 176
5 174
4 172
3 170
4 168
3 166
2 164
1 162
0 160
1 158
2 156
3 154
2 152
1 150
0 148
1 146
0 144
1 142
2 140
3 138
4 136
3 134
2 132
1 130
0 128
1 126
0 124
1 122
0 120
1 118
2 116
3 114
4 112
3 110
2 108
3 106
2 104
1 102
0 100
1 98
2 96
3 94
4 92
3 90
2 88
3 86
2 84
1 82
0 80
1 78
2 76
3 74
4 72
5 70
6 68
7 66
8 64
7 62
6 60
5 58
4 56
3 54
4 52
5 50
4 48
5 46
6 44
5 42
6 40
7 38
6 36
7 34
8 32
7 30
8 28
9 26
8 24
7 22
6 20
5 18
6 16
5 14
4 12
3 10
2 8
1 6
0 4
1 2
0 0
Expanded Nodes: 23112
