199 0
198 2
197 4
196 6
194 7
192 8
190 9
188 10
186 11
184 12
182 13
180 14
178 15
176 16
174 17
172 18
170 19
168 20
166 21
164 22
162 23
160 24
158 25
156 26
154 27
152 28
150 29
148 30
146 31
144 32
142 33
140 34
138 35
136 36
134 37
132 38
130 39
128 40
126 41
124 42
122 43
120 44
118 45
116 46
114 47
112 48
110 49
108 50
106 51
104 52
102 51
100 50
98 49
96 48
94 47
92 46
90 45
88 44
86 43
84 42
82 41
80 40
78 39
76 38
74 37
72 36
70 35
68 34
66 33
64 32
62 31
60 30
58 29
56 28
54 27
52 26
50 25
48 24
46 23
44 22
42 21
40 20
38 19
36 18
34 17
32 16
30 15
28 14
26 13
24 12
22 11
20 10
18 9
16 8
14 7
12 6
10 5
8 4
6 3
4 2
2 1
0 0
Expanded Nodes: 34846
